(768, 8)
(768, 1)

Current Hidden Layer :6

Iteration 0: | Error:0.6982990633117526
Iteration 10000: | Error:0.38540685021331483
Iteration 20000: | Error:0.3807770695886487
Iteration 30000: | Error:0.37928901119670627
Iteration 40000: | Error:0.37884962034515507
Iteration 50000: | Error:0.37875106846689066
Iteration 60000: | Error:0.3787708766993847
Iteration 70000: | Error:0.378810673732395
Iteration 80000: | Error:0.37884160218104995
Iteration 90000: | Error:0.3788628462836245

L2 Output after training:
[[ 0.58996062]
 [ 0.17067618]
 [ 0.64272706]
 [ 0.12735198]
 [ 0.78630705]
 [ 0.25801523]
 [ 0.25421624]
 [ 0.76102185]
 [ 0.70082073]
 [ 0.215571  ]
 [ 0.17884419]
 [ 0.62818715]
 [ 0.65011307]
 [ 0.77268897]
 [ 0.6065797 ]
 [ 0.69096349]
 [ 0.30678408]
 [ 0.28494839]
 [ 0.50563197]
 [ 0.3218508 ]
 [ 0.3234034 ]
 [ 0.34904435]
 [ 0.62810526]
 [ 0.32914266]
 [ 0.51451954]
 [ 0.48254833]
 [ 0.51759828]
 [ 0.17148309]
 [ 0.5690979 ]
 [ 0.25611461]
 [ 0.46707388]
 [ 0.48460516]
 [ 0.18939265]
 [ 0.05406136]
 [ 0.46005785]
 [ 0.38855229]
 [ 0.49660095]
 [ 0.43365986]
 [ 0.24892485]
 [ 0.57433607]
 [ 0.55045281]
 [ 0.44750205]
 [ 0.23938906]
 [ 0.6037437 ]
 [ 0.55928622]
 [ 0.70364911]
 [ 0.45446708]
 [ 0.10271653]
 [ 0.38169992]
 [ 0.51349081]
 [ 0.09475608]
 [ 0.29342623]
 [ 0.22291915]
 [ 0.66041149]
 [ 0.64504661]
 [ 0.13102608]
 [ 0.72015234]
 [ 0.26912719]
 [ 0.55121712]
 [ 0.25759755]
 [ 0.35045822]
 [ 0.45726041]
 [ 0.13615694]
 [ 0.43500519]
 [ 0.42020729]
 [ 0.2355021 ]
 [ 0.23678507]
 [ 0.35338869]
 [ 0.13857938]
 [ 0.30733421]
 [ 0.31019568]
 [ 0.43469021]
 [ 0.50624176]
 [ 0.26315208]
 [ 0.08828433]
 [-0.11024389]
 [ 0.18069866]
 [ 0.2690755 ]
 [ 0.70493686]
 [ 0.23233749]
 [ 0.32603534]
 [ 0.29817997]
 [ 0.27232061]
 [ 0.15290565]
 [ 0.29124044]
 [ 0.28320148]
 [ 0.49644689]
 [ 0.2582236 ]
 [ 0.62980025]
 [ 0.17923797]
 [ 0.10740938]
 [ 0.32728514]
 [ 0.32408577]
 [ 0.45983762]
 [ 0.28716597]
 [ 0.49988917]
 [ 0.19732623]
 [ 0.14385041]
 [ 0.33634365]
 [ 0.29819256]
 [ 0.56069053]
 [ 0.35924654]
 [ 0.04600038]
 [ 0.08109699]
 [ 0.28106923]
 [ 0.38907784]
 [-0.15954754]
 [ 0.50968836]
 [ 0.24387147]
 [ 0.09403313]
 [ 0.46259455]
 [ 0.69823453]
 [ 0.10129912]
 [ 0.20206736]
 [ 0.68290612]
 [ 0.46120051]
 [ 0.36487838]
 [ 0.3265446 ]
 [ 0.26194682]
 [ 0.13074468]
 [ 0.52918654]
 [ 0.34410989]
 [ 0.22638934]
 [ 0.47127456]
 [ 0.17244512]
 [ 0.50969382]
 [ 0.39202442]
 [ 0.32215546]
 [ 0.25603007]
 [ 0.31143238]
 [ 0.53251893]
 [ 0.58397002]
 [ 0.56042718]
 [ 0.33249496]
 [ 0.1922594 ]
 [ 0.36826079]
 [ 0.18704151]
 [ 0.20651945]
 [ 0.2719345 ]
 [ 0.30061796]
 [ 0.35424564]
 [ 0.30404976]
 [ 0.32553186]
 [ 0.44347675]
 [ 0.47670773]
 [ 0.01855178]
 [ 0.16784748]
 [ 0.42553582]
 [ 0.55111172]
 [ 0.10806298]
 [ 0.35070277]
 [ 0.32575549]
 [ 0.61939352]
 [ 0.42192303]
 [ 0.69245632]
 [ 0.51426105]
 [ 0.28405525]
 [ 0.32137009]
 [ 0.10685641]
 [ 0.85634553]
 [ 0.35460247]
 [ 0.38767154]
 [ 0.24404817]
 [ 0.21516151]
 [ 0.25621748]
 [ 0.37628987]
 [ 0.39503448]
 [ 0.38168427]
 [ 0.3183779 ]
 [ 0.17409001]
 [ 0.23051965]
 [ 0.45321126]
 [ 0.57364204]
 [ 0.26548284]
 [ 0.18800387]
 [ 0.67942168]
 [ 0.24425129]
 [ 0.24785738]
 [ 0.50037042]
 [ 0.44082664]
 [ 0.12414679]
 [ 0.32752036]
 [-0.223     ]
 [ 0.18037776]
 [ 0.39260581]
 [ 0.76608528]
 [ 0.81840501]
 [ 0.29734957]
 [ 0.35430779]
 [ 0.3532038 ]
 [ 0.21239662]
 [ 0.49001324]
 [ 0.55285562]
 [ 1.02467181]
 [ 0.34944469]
 [ 0.46285667]
 [ 0.19563619]
 [ 0.27564938]
 [ 0.39720161]
 [ 0.47701642]
 [ 0.20216666]
 [ 0.29363432]
 [ 0.27698112]
 [ 0.15024552]
 [ 0.45137833]
 [ 0.26385694]
 [ 0.83061776]
 [ 0.41309747]
 [ 0.20077378]
 [ 0.60286558]
 [ 0.17070117]
 [ 0.32685708]
 [ 0.58870421]
 [ 0.41054018]
 [ 0.35975734]
 [ 0.71258052]
 [ 0.38111399]
 [ 0.41583937]
 [ 0.29386146]
 [ 0.40185303]
 [ 0.6085254 ]
 [ 0.53872552]
 [ 0.73006221]
 [ 0.69578636]
 [ 0.21709307]
 [ 0.08107424]
 [ 0.14678257]
 [ 0.59954512]
 [ 0.89797111]
 [ 0.22114547]
 [ 0.36438165]
 [ 0.51772859]
 [ 0.05112844]
 [ 0.35585611]
 [ 0.12318923]
 [ 0.5415044 ]
 [ 0.67278675]
 [ 0.43535199]
 [ 0.54370289]
 [ 0.12400625]
 [ 0.14769067]
 [ 0.21902793]
 [ 0.40086596]
 [ 0.57504452]
 [ 0.40265887]
 [ 0.72440555]
 [ 0.47029047]
 [ 0.43969049]
 [ 0.47944009]
 [ 0.10562581]
 [ 0.50317409]
 [ 0.21085211]
 [ 0.06993628]
 [ 0.15141719]
 [ 0.51516386]
 [ 0.28824145]
 [ 0.38418733]
 [ 0.22718774]
 [ 0.65113377]
 [ 0.7552044 ]
 [ 0.59360707]
 [ 0.78197175]
 [ 0.2505876 ]
 [ 0.48215619]
 [ 0.38839295]
 [ 0.38387598]
 [ 0.7645949 ]
 [ 0.46296913]
 [ 0.19444724]
 [ 0.72183221]
 [ 0.46215318]
 [ 0.21508041]
 [ 0.26903096]
 [ 0.05914032]
 [ 0.51311973]
 [ 0.30115149]
 [ 0.34851652]
 [ 0.21650527]
 [ 0.43452716]
 [ 0.30500534]
 [ 0.37213828]
 [ 0.48622551]
 [ 0.35946597]
 [ 0.48076381]
 [ 0.26987057]
 [ 0.52791034]
 [ 0.51861653]
 [ 0.3275058 ]
 [ 0.25420438]
 [ 0.33359559]
 [ 0.0235123 ]
 [ 0.32103801]
 [ 0.45788735]
 [ 0.49723841]
 [ 0.62666101]
 [ 0.57119014]
 [ 0.40045954]
 [ 0.22005117]
 [ 0.48594065]
 [ 0.49214783]
 [ 0.86213633]
 [ 0.44895765]
 [ 0.1639917 ]
 [ 0.24174222]
 [ 0.35007669]
 [ 0.30106342]
 [ 0.63581895]
 [ 0.25243232]
 [ 0.40449628]
 [ 0.40498202]
 [ 0.2696757 ]
 [ 0.26420312]
 [ 0.37958817]
 [ 0.39668972]
 [ 0.45352438]
 [ 0.27941601]
 [ 0.1246515 ]
 [ 0.49422993]
 [ 0.33623062]
 [ 0.64685109]
 [ 0.43249039]
 [ 0.23089561]
 [ 0.28467246]
 [ 0.5589418 ]
 [ 0.2060261 ]
 [ 0.33643606]
 [ 0.39380844]
 [ 0.65320204]
 [ 0.17272889]
 [ 0.32284011]
 [ 0.53102577]
 [ 0.21273235]
 [ 0.9657077 ]
 [ 0.34524809]
 [ 0.17194194]
 [ 0.46988622]
 [ 0.76921292]
 [ 0.35123759]
 [ 0.57701134]
 [ 0.58453028]
 [ 0.27405712]
 [ 0.21884306]
 [-0.15108944]
 [ 0.28006485]
 [ 0.44983453]
 [ 0.4506757 ]
 [ 0.46914008]
 [ 0.58309903]
 [ 0.21792294]
 [-0.04952619]
 [ 0.20145009]
 [ 0.29441714]
 [ 0.12454592]
 [ 0.19904514]
 [ 0.18923881]
 [ 0.53818037]
 [ 0.495508  ]
 [ 1.00787856]
 [ 0.43406993]
 [ 0.61888166]
 [ 0.66609629]
 [ 0.60447751]
 [ 0.28525838]
 [ 0.59674854]
 [ 0.44396535]
 [ 0.39426683]
 [ 0.33437024]
 [ 0.1336952 ]
 [ 0.03317639]
 [ 0.23614639]
 [ 0.67937121]
 [ 0.26459166]
 [ 0.17953192]
 [ 0.30599335]
 [ 0.48744886]
 [ 0.67368105]
 [ 0.05928485]
 [ 0.24119798]
 [ 0.49654879]
 [ 0.17769837]
 [ 0.2579773 ]
 [ 0.12689417]
 [ 0.30050085]
 [ 0.27192175]
 [ 0.2415257 ]
 [ 0.28247082]
 [ 0.37500058]
 [ 0.29649238]
 [ 0.53203292]
 [ 0.31798356]
 [ 0.32256448]
 [ 0.5166292 ]
 [ 0.30542106]
 [ 0.30995258]
 [ 0.47277824]
 [ 0.50243171]
 [ 0.39566011]
 [ 0.29884643]
 [ 0.10566177]
 [ 0.55852105]
 [ 0.25283461]
 [ 0.52412851]
 [ 0.37441443]
 [ 0.2262175 ]
 [ 0.5740791 ]
 [ 0.49376887]
 [ 0.36039507]
 [ 0.16905249]
 [ 0.73925135]
 [ 0.60697271]
 [ 0.24254985]
 [ 0.27104333]
 [ 0.40214047]
 [ 0.27304933]
 [ 0.39683984]
 [ 0.43333577]
 [ 0.23875533]
 [ 0.44357785]
 [ 0.11163577]
 [ 0.34408565]
 [ 0.26652033]
 [ 0.17857427]
 [ 0.2712831 ]
 [ 0.27838117]
 [ 0.57364377]
 [ 0.55955339]
 [ 0.36972347]
 [ 0.59667265]
 [ 0.23076748]
 [ 0.21162493]
 [ 0.49373687]
 [ 0.2430406 ]
 [ 0.09725017]
 [ 0.28056589]
 [ 0.26698505]
 [ 0.7437852 ]
 [ 0.5136521 ]
 [ 0.39730639]
 [ 0.07705833]
 [ 0.27850344]
 [ 0.40764502]
 [ 0.17757379]
 [ 0.32950454]
 [ 0.41412999]
 [ 0.35487798]
 [ 0.78720462]
 [ 0.20066876]
 [ 0.14769234]
 [ 0.24755422]
 [ 0.22196862]
 [ 0.11355114]
 [ 0.31695808]
 [ 0.21603176]
 [ 0.86314593]
 [ 0.34320713]
 [ 0.75455581]
 [ 0.58272988]
 [ 0.21162866]
 [ 0.66850744]
 [ 0.67122852]
 [ 0.47664571]
 [ 0.09107075]
 [ 0.33875247]
 [ 0.19971468]
 [ 0.29966743]
 [ 0.28778469]
 [ 0.14008777]
 [ 0.26324983]
 [ 0.77251081]
 [ 0.53203484]
 [ 0.37821281]
 [ 0.28967195]
 [ 0.27814965]
 [ 0.38780631]
 [ 0.26857726]
 [ 0.36446048]
 [ 0.26124281]
 [ 0.30933534]
 [ 0.39958101]
 [ 0.43998067]
 [ 0.51589183]
 [ 0.18806434]
 [ 0.24485349]
 [ 0.07693114]
 [ 0.8214457 ]
 [ 0.38268433]
 [ 0.45441302]
 [ 0.72554634]
 [ 0.20206709]
 [ 0.76131212]
 [ 0.2310369 ]
 [ 0.14824601]
 [ 0.27385441]
 [ 0.49990984]
 [ 0.34201849]
 [ 0.63603146]
 [ 0.28087173]
 [ 0.14612362]
 [ 0.72407476]
 [ 0.56151042]
 [ 0.11072975]
 [ 0.19134808]
 [ 0.08504776]
 [ 0.42571489]
 [ 0.25878689]
 [ 0.22489893]
 [ 0.42592465]
 [ 0.36780049]
 [ 0.30673722]
 [ 0.47649899]
 [ 0.3794884 ]
 [ 0.29146317]
 [ 0.38840236]
 [ 0.19453364]
 [ 0.25631156]
 [ 0.45525255]
 [ 0.56196549]
 [ 0.42084401]
 [ 0.39492699]
 [ 0.41138473]
 [ 0.05587547]
 [ 0.2738093 ]
 [ 0.52732156]
 [ 0.54802209]
 [ 0.33992968]
 [ 0.17546913]
 [ 0.1325795 ]
 [ 0.20585342]
 [ 0.27275131]
 [ 0.26394673]
 [ 0.36133605]
 [ 0.25510918]
 [ 0.30745707]
 [ 0.64046048]
 [ 0.29473543]
 [ 0.71002186]
 [ 0.15224   ]
 [ 0.26627885]
 [ 0.30001475]
 [ 0.3500061 ]
 [ 0.45204243]
 [ 0.3585015 ]
 [ 0.42938228]
 [ 0.09317043]
 [ 0.13792211]
 [ 0.59073419]
 [ 0.8040145 ]
 [ 0.3684036 ]
 [ 0.49099691]
 [ 0.41837973]
 [ 0.19830597]
 [ 0.21476727]
 [ 0.37644615]
 [ 0.18806593]
 [ 0.22821624]
 [ 0.39399561]
 [ 0.23009918]
 [ 0.41784745]
 [ 0.49557655]
 [ 0.29329276]
 [ 0.43697399]
 [ 0.64182278]
 [ 0.19650883]
 [ 0.34768388]
 [ 0.12292853]
 [ 0.28194049]
 [ 0.20339821]
 [ 0.36796966]
 [ 0.48276971]
 [ 0.32212208]
 [ 0.19762548]
 [ 0.09458222]
 [ 0.31802732]
 [ 0.24369125]
 [ 0.3241278 ]
 [ 0.42594211]
 [ 0.50580225]
 [ 0.27763611]
 [ 0.46463627]
 [ 0.79907156]
 [ 0.29249384]
 [ 0.31943438]
 [ 0.52856217]
 [ 0.35156262]
 [ 0.53849158]
 [ 0.19029586]
 [ 0.52841224]
 [ 0.26470284]
 [ 0.63917536]
 [ 0.40184844]
 [ 0.54052713]
 [ 0.24056355]
 [ 0.38082637]
 [ 0.37982784]
 [ 0.4556176 ]
 [ 0.45489357]
 [ 0.16556229]
 [ 0.38887179]
 [ 0.47666639]
 [ 0.37497072]
 [ 0.1029054 ]
 [ 0.58231855]
 [ 0.24192277]
 [ 0.61786757]
 [ 0.92130456]
 [ 0.35426211]
 [ 0.58461736]
 [ 0.17063113]
 [ 0.36742894]
 [ 0.21493182]
 [ 0.32547864]
 [ 0.64499428]
 [ 0.60254474]
 [ 0.29993383]
 [ 0.62714353]
 [ 0.19100734]
 [ 0.16724115]
 [ 0.06295931]
 [ 0.49459848]
 [ 0.58960029]
 [ 0.21707727]
 [ 0.27210193]
 [ 0.67814269]
 [ 0.20168301]
 [ 0.21549479]
 [ 0.16837241]
 [ 0.20117622]
 [ 0.22741647]
 [ 0.37443786]
 [ 0.17132787]
 [ 0.41924029]
 [ 0.15221016]
 [ 0.25596133]
 [ 0.17766601]
 [ 0.31519303]
 [ 0.43802197]
 [ 0.31074724]
 [ 0.17950323]
 [ 0.38188177]
 [ 0.10694681]
 [ 0.13922691]
 [ 0.32944992]
 [ 0.4603639 ]
 [ 0.61056504]
 [ 0.26770879]
 [ 0.45643348]
 [ 0.42522152]
 [ 0.60631922]
 [ 0.46347546]
 [ 0.20152258]
 [ 0.20382309]
 [ 0.34611821]
 [ 0.34218553]
 [ 0.35391057]
 [ 0.20053681]
 [ 0.55502623]
 [ 0.2074262 ]
 [ 0.43060672]
 [ 0.37380146]
 [ 0.21895202]
 [ 0.56253356]
 [ 0.66954112]
 [ 0.45763217]
 [ 0.56710508]
 [ 0.45191541]
 [ 0.19551493]
 [ 0.53570034]
 [ 0.39845764]
 [ 0.44714544]
 [ 0.54129541]
 [ 0.67334217]
 [ 0.22322158]
 [ 0.13922183]
 [ 0.32356628]
 [ 0.43950263]
 [ 0.61593825]
 [ 0.50275473]
 [ 0.20532261]
 [ 0.3805794 ]
 [ 0.2751901 ]
 [ 0.08372318]
 [ 0.45981441]
 [ 0.25421564]
 [ 0.29506916]
 [ 0.40037991]
 [ 0.33636994]
 [ 0.29419377]
 [ 0.31012464]
 [ 0.33295301]
 [ 0.47010242]
 [ 0.32362191]
 [ 0.45892545]
 [ 0.37513409]
 [ 0.54231381]
 [ 0.16261958]
 [ 0.40905814]
 [ 0.46293589]
 [ 0.48762639]
 [ 0.29482528]
 [ 0.41527808]
 [ 0.30655388]
 [ 0.43567241]
 [ 0.54274495]
 [ 0.78106763]
 [ 0.21584407]
 [ 0.18287244]
 [ 0.61729207]
 [ 0.4326171 ]
 [ 0.56404868]
 [ 0.28480945]
 [ 0.46692776]
 [ 0.37667138]
 [ 0.5949009 ]
 [ 0.33704625]
 [ 0.19759693]
 [ 0.83083524]
 [ 0.56160271]
 [ 0.42838364]
 [ 0.31711979]
 [ 0.36185492]
 [ 0.11896393]
 [ 0.28686984]
 [ 0.45777455]
 [ 0.34103022]
 [ 0.18401038]
 [ 0.33051733]
 [ 0.2569293 ]
 [ 0.24750228]
 [ 0.30884911]
 [ 0.22352433]
 [ 0.31608607]
 [ 0.23322522]
 [ 0.4723963 ]
 [ 0.29908398]
 [ 0.30644953]
 [ 0.30338638]
 [ 0.17264479]
 [ 0.27340307]
 [ 0.28109013]
 [ 0.27973679]
 [ 0.58011351]
 [ 0.38168109]
 [ 0.25234773]
 [ 0.45571915]
 [ 0.67389823]
 [ 0.40038331]
 [ 0.32966168]
 [ 0.29773619]
 [ 0.6226026 ]
 [ 0.58651878]
 [ 0.42860722]
 [ 0.27488116]
 [ 0.25592959]
 [ 0.45236375]
 [ 0.5581491 ]
 [ 0.3648128 ]
 [ 0.38659939]
 [ 0.37872225]
 [ 0.18749943]
 [ 0.66162831]
 [ 0.24918351]
 [ 0.69011639]
 [ 0.28088251]
 [ 0.48847   ]
 [ 0.32028081]
 [ 0.31105003]
 [ 0.42654498]
 [ 0.15377031]]

Y Output
[[1.]
 [0.]
 [1.]
 [0.]
 [1.]
 [0.]
 [1.]
 [0.]
 [1.]
 [1.]
 [0.]
 [1.]
 [0.]
 [1.]
 [1.]
 [1.]
 [1.]
 [1.]
 [0.]
 [1.]
 [0.]
 [0.]
 [1.]
 [1.]
 [1.]
 [1.]
 [1.]
 [0.]
 [0.]
 [0.]
 [0.]
 [1.]
 [0.]
 [0.]
 [0.]
 [0.]
 [0.]
 [1.]
 [1.]
 [1.]
 [0.]
 [0.]
 [0.]
 [1.]
 [0.]
 [1.]
 [0.]
 [0.]
 [1.]
 [0.]
 [0.]
 [0.]
 [0.]
 [1.]
 [0.]
 [0.]
 [1.]
 [0.]
 [0.]
 [0.]
 [0.]
 [1.]
 [0.]
 [0.]
 [1.]
 [0.]
 [1.]
 [0.]
 [0.]
 [0.]
 [1.]
 [0.]
 [1.]
 [0.]
 [0.]
 [0.]
 [0.]
 [0.]
 [1.]
 [0.]
 [0.]
 [0.]
 [0.]
 [0.]
 [1.]
 [0.]
 [0.]
 [0.]
 [1.]
 [0.]
 [0.]
 [0.]
 [0.]
 [1.]
 [0.]
 [0.]
 [0.]
 [0.]
 [0.]
 [1.]
 [1.]
 [0.]
 [0.]
 [0.]
 [0.]
 [0.]
 [0.]
 [0.]
 [0.]
 [1.]
 [1.]
 [1.]
 [0.]
 [0.]
 [1.]
 [1.]
 [1.]
 [0.]
 [0.]
 [0.]
 [1.]
 [0.]
 [0.]
 [0.]
 [1.]
 [1.]
 [0.]
 [0.]
 [1.]
 [1.]
 [1.]
 [1.]
 [1.]
 [0.]
 [0.]
 [0.]
 [0.]
 [0.]
 [0.]
 [0.]
 [0.]
 [0.]
 [0.]
 [1.]
 [0.]
 [0.]
 [0.]
 [0.]
 [0.]
 [0.]
 [0.]
 [0.]
 [1.]
 [0.]
 [1.]
 [1.]
 [0.]
 [0.]
 [0.]
 [1.]
 [0.]
 [0.]
 [0.]
 [0.]
 [1.]
 [1.]
 [0.]
 [0.]
 [0.]
 [0.]
 [1.]
 [1.]
 [0.]
 [0.]
 [0.]
 [1.]
 [0.]
 [1.]
 [0.]
 [1.]
 [0.]
 [0.]
 [0.]
 [0.]
 [0.]
 [1.]
 [1.]
 [1.]
 [1.]
 [1.]
 [0.]
 [0.]
 [1.]
 [1.]
 [0.]
 [1.]
 [0.]
 [1.]
 [1.]
 [1.]
 [0.]
 [0.]
 [0.]
 [0.]
 [0.]
 [0.]
 [1.]
 [1.]
 [0.]
 [1.]
 [0.]
 [0.]
 [0.]
 [1.]
 [1.]
 [1.]
 [1.]
 [0.]
 [1.]
 [1.]
 [1.]
 [1.]
 [0.]
 [0.]
 [0.]
 [0.]
 [0.]
 [1.]
 [0.]
 [0.]
 [1.]
 [1.]
 [0.]
 [0.]
 [0.]
 [1.]
 [1.]
 [1.]
 [1.]
 [0.]
 [0.]
 [0.]
 [1.]
 [1.]
 [0.]
 [1.]
 [0.]
 [0.]
 [0.]
 [0.]
 [0.]
 [0.]
 [0.]
 [0.]
 [1.]
 [1.]
 [0.]
 [0.]
 [0.]
 [1.]
 [0.]
 [1.]
 [0.]
 [0.]
 [1.]
 [0.]
 [1.]
 [0.]
 [0.]
 [1.]
 [1.]
 [0.]
 [0.]
 [0.]
 [0.]
 [0.]
 [1.]
 [0.]
 [0.]
 [0.]
 [1.]
 [0.]
 [0.]
 [1.]
 [1.]
 [0.]
 [0.]
 [1.]
 [0.]
 [0.]
 [0.]
 [1.]
 [1.]
 [1.]
 [0.]
 [0.]
 [1.]
 [0.]
 [1.]
 [0.]
 [1.]
 [1.]
 [0.]
 [1.]
 [0.]
 [0.]
 [1.]
 [0.]
 [1.]
 [1.]
 [0.]
 [0.]
 [1.]
 [0.]
 [1.]
 [0.]
 [0.]
 [1.]
 [0.]
 [1.]
 [0.]
 [1.]
 [1.]
 [1.]
 [0.]
 [0.]
 [1.]
 [0.]
 [1.]
 [0.]
 [0.]
 [0.]
 [1.]
 [0.]
 [0.]
 [0.]
 [0.]
 [1.]
 [1.]
 [1.]
 [0.]
 [0.]
 [0.]
 [0.]
 [0.]
 [0.]
 [0.]
 [0.]
 [0.]
 [1.]
 [0.]
 [0.]
 [0.]
 [0.]
 [0.]
 [1.]
 [1.]
 [1.]
 [0.]
 [1.]
 [1.]
 [0.]
 [0.]
 [1.]
 [0.]
 [0.]
 [1.]
 [0.]
 [0.]
 [1.]
 [1.]
 [0.]
 [0.]
 [0.]
 [0.]
 [1.]
 [0.]
 [0.]
 [1.]
 [0.]
 [0.]
 [0.]
 [0.]
 [0.]
 [0.]
 [0.]
 [1.]
 [1.]
 [1.]
 [0.]
 [0.]
 [1.]
 [0.]
 [0.]
 [1.]
 [0.]
 [0.]
 [1.]
 [0.]
 [1.]
 [1.]
 [0.]
 [1.]
 [0.]
 [1.]
 [0.]
 [1.]
 [0.]
 [1.]
 [1.]
 [0.]
 [0.]
 [0.]
 [0.]
 [1.]
 [1.]
 [0.]
 [1.]
 [0.]
 [1.]
 [0.]
 [0.]
 [0.]
 [0.]
 [1.]
 [1.]
 [0.]
 [1.]
 [0.]
 [1.]
 [0.]
 [0.]
 [0.]
 [0.]
 [0.]
 [1.]
 [0.]
 [0.]
 [0.]
 [0.]
 [1.]
 [0.]
 [0.]
 [1.]
 [1.]
 [1.]
 [0.]
 [0.]
 [1.]
 [0.]
 [0.]
 [1.]
 [0.]
 [0.]
 [0.]
 [1.]
 [0.]
 [0.]
 [1.]
 [0.]
 [0.]
 [0.]
 [0.]
 [0.]
 [0.]
 [0.]
 [0.]
 [0.]
 [1.]
 [0.]
 [0.]
 [0.]
 [0.]
 [0.]
 [0.]
 [0.]
 [1.]
 [0.]
 [0.]
 [0.]
 [1.]
 [0.]
 [0.]
 [0.]
 [1.]
 [1.]
 [0.]
 [0.]
 [0.]
 [0.]
 [0.]
 [0.]
 [0.]
 [1.]
 [0.]
 [0.]
 [0.]
 [0.]
 [1.]
 [0.]
 [0.]
 [0.]
 [1.]
 [0.]
 [0.]
 [0.]
 [1.]
 [0.]
 [0.]
 [0.]
 [1.]
 [0.]
 [0.]
 [0.]
 [0.]
 [1.]
 [1.]
 [0.]
 [0.]
 [0.]
 [0.]
 [0.]
 [0.]
 [1.]
 [0.]
 [0.]
 [0.]
 [0.]
 [0.]
 [0.]
 [0.]
 [0.]
 [0.]
 [0.]
 [0.]
 [1.]
 [0.]
 [0.]
 [0.]
 [1.]
 [1.]
 [1.]
 [1.]
 [0.]
 [0.]
 [1.]
 [1.]
 [0.]
 [0.]
 [0.]
 [0.]
 [0.]
 [0.]
 [0.]
 [0.]
 [0.]
 [0.]
 [0.]
 [0.]
 [0.]
 [1.]
 [1.]
 [0.]
 [0.]
 [0.]
 [0.]
 [0.]
 [0.]
 [0.]
 [1.]
 [0.]
 [0.]
 [0.]
 [0.]
 [0.]
 [0.]
 [0.]
 [1.]
 [0.]
 [1.]
 [1.]
 [0.]
 [0.]
 [0.]
 [1.]
 [0.]
 [1.]
 [0.]
 [1.]
 [0.]
 [1.]
 [0.]
 [1.]
 [0.]
 [0.]
 [1.]
 [0.]
 [0.]
 [1.]
 [0.]
 [0.]
 [0.]
 [0.]
 [1.]
 [1.]
 [0.]
 [1.]
 [0.]
 [0.]
 [0.]
 [0.]
 [1.]
 [1.]
 [0.]
 [1.]
 [0.]
 [0.]
 [0.]
 [1.]
 [1.]
 [0.]
 [0.]
 [0.]
 [0.]
 [0.]
 [0.]
 [0.]
 [0.]
 [0.]
 [0.]
 [1.]
 [0.]
 [0.]
 [0.]
 [0.]
 [1.]
 [0.]
 [0.]
 [1.]
 [0.]
 [0.]
 [0.]
 [1.]
 [0.]
 [0.]
 [0.]
 [1.]
 [1.]
 [1.]
 [0.]
 [0.]
 [0.]
 [0.]
 [0.]
 [0.]
 [1.]
 [0.]
 [0.]
 [0.]
 [1.]
 [0.]
 [1.]
 [1.]
 [1.]
 [1.]
 [0.]
 [1.]
 [1.]
 [0.]
 [0.]
 [0.]
 [0.]
 [0.]
 [0.]
 [0.]
 [1.]
 [1.]
 [0.]
 [1.]
 [0.]
 [0.]
 [1.]
 [0.]
 [1.]
 [0.]
 [0.]
 [0.]
 [0.]
 [0.]
 [1.]
 [0.]
 [1.]
 [0.]
 [1.]
 [0.]
 [1.]
 [1.]
 [0.]
 [0.]
 [0.]
 [0.]
 [1.]
 [1.]
 [0.]
 [0.]
 [0.]
 [1.]
 [0.]
 [1.]
 [1.]
 [0.]
 [0.]
 [1.]
 [0.]
 [0.]
 [1.]
 [1.]
 [0.]
 [0.]
 [1.]
 [0.]
 [0.]
 [1.]
 [0.]
 [0.]
 [0.]
 [0.]
 [0.]
 [0.]
 [0.]
 [1.]
 [1.]
 [1.]
 [0.]
 [0.]
 [0.]
 [0.]
 [0.]
 [0.]
 [1.]
 [1.]
 [0.]
 [0.]
 [1.]
 [0.]
 [0.]
 [1.]
 [0.]
 [1.]
 [1.]
 [1.]
 [0.]
 [0.]
 [1.]
 [1.]
 [1.]
 [0.]
 [1.]
 [0.]
 [1.]
 [0.]
 [1.]
 [0.]
 [0.]
 [0.]
 [0.]
 [1.]
 [0.]]

Current Hidden Layer :7

Iteration 0: | Error:0.46679968529291976
Iteration 10000: | Error:0.38077989063143186
Iteration 20000: | Error:0.3791312286503638
Iteration 30000: | Error:0.37893644842090035
Iteration 40000: | Error:0.3789051661703269
Iteration 50000: | Error:0.37889983965394497
Iteration 60000: | Error:0.3788989229816626
Iteration 70000: | Error:0.3788987649328988
Iteration 80000: | Error:0.37889873767405624
Iteration 90000: | Error:0.37889873297243365

L2 Output after training:
[[ 0.58942619]
 [ 0.17039411]
 [ 0.64244843]
 [ 0.12738449]
 [ 0.7873767 ]
 [ 0.25795212]
 [ 0.25451062]
 [ 0.76199753]
 [ 0.69963602]
 [ 0.21407937]
 [ 0.17915703]
 [ 0.62862604]
 [ 0.65037534]
 [ 0.77213519]
 [ 0.60584119]
 [ 0.69176235]
 [ 0.30699996]
 [ 0.28528953]
 [ 0.50583932]
 [ 0.32177547]
 [ 0.32375323]
 [ 0.34939645]
 [ 0.62786711]
 [ 0.32914691]
 [ 0.51443226]
 [ 0.482646  ]
 [ 0.51769555]
 [ 0.17154906]
 [ 0.56860544]
 [ 0.256214  ]
 [ 0.46674283]
 [ 0.48453043]
 [ 0.18960847]
 [ 0.05404222]
 [ 0.45990523]
 [ 0.3887461 ]
 [ 0.49711165]
 [ 0.43382452]
 [ 0.24914933]
 [ 0.5745334 ]
 [ 0.5499462 ]
 [ 0.4480998 ]
 [ 0.23883048]
 [ 0.60393635]
 [ 0.55893096]
 [ 0.70389038]
 [ 0.45426399]
 [ 0.10302523]
 [ 0.38217711]
 [ 0.51313814]
 [ 0.09454213]
 [ 0.2933634 ]
 [ 0.22296936]
 [ 0.65983141]
 [ 0.64519693]
 [ 0.13113766]
 [ 0.71982621]
 [ 0.26947019]
 [ 0.55161479]
 [ 0.25778029]
 [ 0.34996951]
 [ 0.45741654]
 [ 0.13685934]
 [ 0.4347122 ]
 [ 0.42040671]
 [ 0.23538919]
 [ 0.23647266]
 [ 0.35360238]
 [ 0.13827204]
 [ 0.30688808]
 [ 0.31065896]
 [ 0.43455639]
 [ 0.50730866]
 [ 0.26349382]
 [ 0.08844207]
 [-0.10958001]
 [ 0.18141751]
 [ 0.26948087]
 [ 0.7054309 ]
 [ 0.23202579]
 [ 0.32582156]
 [ 0.29765021]
 [ 0.27283119]
 [ 0.15246392]
 [ 0.29163537]
 [ 0.2833955 ]
 [ 0.49661397]
 [ 0.25856445]
 [ 0.63028112]
 [ 0.17889998]
 [ 0.10740099]
 [ 0.32740522]
 [ 0.32470844]
 [ 0.45886924]
 [ 0.28694479]
 [ 0.49977676]
 [ 0.197308  ]
 [ 0.14390981]
 [ 0.33676191]
 [ 0.29840034]
 [ 0.56091524]
 [ 0.35877868]
 [ 0.04548578]
 [ 0.08111128]
 [ 0.28210389]
 [ 0.38918543]
 [-0.15997586]
 [ 0.50926164]
 [ 0.24421595]
 [ 0.09411494]
 [ 0.46210735]
 [ 0.69858502]
 [ 0.10119712]
 [ 0.20287803]
 [ 0.68274366]
 [ 0.46046215]
 [ 0.36491139]
 [ 0.32760012]
 [ 0.26218385]
 [ 0.13075836]
 [ 0.52930458]
 [ 0.34427628]
 [ 0.22653985]
 [ 0.47024895]
 [ 0.17250427]
 [ 0.51079541]
 [ 0.39243354]
 [ 0.32202154]
 [ 0.25575163]
 [ 0.3107462 ]
 [ 0.53210452]
 [ 0.5849735 ]
 [ 0.56004947]
 [ 0.33306647]
 [ 0.19223745]
 [ 0.36811943]
 [ 0.18713661]
 [ 0.20663796]
 [ 0.27185607]
 [ 0.30120155]
 [ 0.35322755]
 [ 0.30414006]
 [ 0.32568402]
 [ 0.44395844]
 [ 0.47671738]
 [ 0.01735949]
 [ 0.16819906]
 [ 0.42589298]
 [ 0.55032986]
 [ 0.10800394]
 [ 0.35054002]
 [ 0.32549812]
 [ 0.61974312]
 [ 0.42231039]
 [ 0.69251625]
 [ 0.51439309]
 [ 0.28433594]
 [ 0.3215386 ]
 [ 0.10698949]
 [ 0.85706392]
 [ 0.35374653]
 [ 0.38771723]
 [ 0.24433638]
 [ 0.21523836]
 [ 0.25606498]
 [ 0.37662767]
 [ 0.39474707]
 [ 0.38187992]
 [ 0.31873839]
 [ 0.17411295]
 [ 0.23069835]
 [ 0.45357487]
 [ 0.57418016]
 [ 0.2662075 ]
 [ 0.18811068]
 [ 0.67915495]
 [ 0.24459958]
 [ 0.24858124]
 [ 0.50043768]
 [ 0.44140261]
 [ 0.12420447]
 [ 0.32779139]
 [-0.22217706]
 [ 0.18090852]
 [ 0.39212383]
 [ 0.76564687]
 [ 0.81797255]
 [ 0.29719791]
 [ 0.35455649]
 [ 0.35314696]
 [ 0.21230851]
 [ 0.49002   ]
 [ 0.55274525]
 [ 1.02621994]
 [ 0.34941143]
 [ 0.46284511]
 [ 0.19555254]
 [ 0.27577765]
 [ 0.39763124]
 [ 0.47692318]
 [ 0.20231581]
 [ 0.29365766]
 [ 0.27674814]
 [ 0.14987354]
 [ 0.45140757]
 [ 0.26364935]
 [ 0.83018326]
 [ 0.41248001]
 [ 0.20096437]
 [ 0.60217411]
 [ 0.17077105]
 [ 0.32638137]
 [ 0.58747818]
 [ 0.41069183]
 [ 0.36011718]
 [ 0.71341214]
 [ 0.38154391]
 [ 0.4158845 ]
 [ 0.29449501]
 [ 0.40213326]
 [ 0.60884946]
 [ 0.53778331]
 [ 0.73024004]
 [ 0.69529226]
 [ 0.21705847]
 [ 0.08115894]
 [ 0.14693781]
 [ 0.59939779]
 [ 0.89916379]
 [ 0.2212176 ]
 [ 0.36509555]
 [ 0.51808619]
 [ 0.05121185]
 [ 0.35617846]
 [ 0.12348368]
 [ 0.54181132]
 [ 0.67241795]
 [ 0.43510591]
 [ 0.54375396]
 [ 0.12364521]
 [ 0.14764393]
 [ 0.21948494]
 [ 0.40079037]
 [ 0.57570285]
 [ 0.40251471]
 [ 0.72415202]
 [ 0.47060295]
 [ 0.44051206]
 [ 0.48010083]
 [ 0.10533545]
 [ 0.50365967]
 [ 0.2106018 ]
 [ 0.06987422]
 [ 0.15143408]
 [ 0.51632966]
 [ 0.28823806]
 [ 0.38402265]
 [ 0.22685569]
 [ 0.65080892]
 [ 0.75560977]
 [ 0.59289096]
 [ 0.78234053]
 [ 0.25091058]
 [ 0.48107241]
 [ 0.38838972]
 [ 0.38435477]
 [ 0.76514081]
 [ 0.46332439]
 [ 0.19430607]
 [ 0.72166994]
 [ 0.46329772]
 [ 0.21475113]
 [ 0.26845497]
 [ 0.05927743]
 [ 0.51368589]
 [ 0.30146492]
 [ 0.34859802]
 [ 0.21645972]
 [ 0.43417794]
 [ 0.30558608]
 [ 0.37202169]
 [ 0.48652338]
 [ 0.3595265 ]
 [ 0.48020646]
 [ 0.26924079]
 [ 0.52751154]
 [ 0.51899579]
 [ 0.32803613]
 [ 0.25415826]
 [ 0.3336128 ]
 [ 0.02384725]
 [ 0.321314  ]
 [ 0.45851529]
 [ 0.49752736]
 [ 0.62501838]
 [ 0.57143499]
 [ 0.40011009]
 [ 0.21991338]
 [ 0.48686994]
 [ 0.4920401 ]
 [ 0.86210074]
 [ 0.44872599]
 [ 0.16412479]
 [ 0.24271883]
 [ 0.34921095]
 [ 0.30102348]
 [ 0.63536642]
 [ 0.25196098]
 [ 0.4049178 ]
 [ 0.40523118]
 [ 0.26957038]
 [ 0.26456176]
 [ 0.37909278]
 [ 0.39707291]
 [ 0.45395603]
 [ 0.27953014]
 [ 0.12432032]
 [ 0.49369799]
 [ 0.33629491]
 [ 0.64539529]
 [ 0.43266266]
 [ 0.23072181]
 [ 0.28391005]
 [ 0.55885045]
 [ 0.2059675 ]
 [ 0.33574854]
 [ 0.39389408]
 [ 0.65319107]
 [ 0.17315369]
 [ 0.32271211]
 [ 0.5312409 ]
 [ 0.21301181]
 [ 0.96552122]
 [ 0.3453908 ]
 [ 0.17181793]
 [ 0.46980324]
 [ 0.76944708]
 [ 0.35117557]
 [ 0.57740535]
 [ 0.58441701]
 [ 0.27388303]
 [ 0.21866008]
 [-0.15024059]
 [ 0.28024486]
 [ 0.45022648]
 [ 0.45062156]
 [ 0.46908924]
 [ 0.58321071]
 [ 0.21776278]
 [-0.04836538]
 [ 0.20219942]
 [ 0.29429425]
 [ 0.12451931]
 [ 0.19927082]
 [ 0.1903034 ]
 [ 0.53776866]
 [ 0.49566377]
 [ 1.00873075]
 [ 0.43453138]
 [ 0.61849081]
 [ 0.66588377]
 [ 0.60350777]
 [ 0.28462567]
 [ 0.59620972]
 [ 0.44408669]
 [ 0.39471957]
 [ 0.33451151]
 [ 0.13326667]
 [ 0.03344033]
 [ 0.2353529 ]
 [ 0.6803121 ]
 [ 0.26404041]
 [ 0.18002695]
 [ 0.30601322]
 [ 0.48769254]
 [ 0.67395488]
 [ 0.05911115]
 [ 0.24161802]
 [ 0.49690572]
 [ 0.17806031]
 [ 0.25813355]
 [ 0.12628971]
 [ 0.30096843]
 [ 0.27237634]
 [ 0.24101705]
 [ 0.28205838]
 [ 0.37502727]
 [ 0.29666855]
 [ 0.53153537]
 [ 0.31846807]
 [ 0.32241151]
 [ 0.51703009]
 [ 0.30551478]
 [ 0.30964952]
 [ 0.47283412]
 [ 0.50312169]
 [ 0.39563708]
 [ 0.29835191]
 [ 0.10580203]
 [ 0.55776211]
 [ 0.25313028]
 [ 0.5233829 ]
 [ 0.3740954 ]
 [ 0.22668956]
 [ 0.5735914 ]
 [ 0.49425894]
 [ 0.36015456]
 [ 0.16881493]
 [ 0.73904639]
 [ 0.60724666]
 [ 0.24290486]
 [ 0.27122638]
 [ 0.4029154 ]
 [ 0.2725027 ]
 [ 0.39678077]
 [ 0.43336745]
 [ 0.23906999]
 [ 0.44334916]
 [ 0.11159043]
 [ 0.3436875 ]
 [ 0.26684679]
 [ 0.17880004]
 [ 0.2715246 ]
 [ 0.27840393]
 [ 0.5741076 ]
 [ 0.55914141]
 [ 0.36887438]
 [ 0.5958578 ]
 [ 0.23045378]
 [ 0.21146364]
 [ 0.49383141]
 [ 0.24320583]
 [ 0.09767844]
 [ 0.28005558]
 [ 0.267126  ]
 [ 0.74405626]
 [ 0.51376582]
 [ 0.39729537]
 [ 0.07657702]
 [ 0.27925814]
 [ 0.40637038]
 [ 0.17800784]
 [ 0.32968136]
 [ 0.41493429]
 [ 0.35489887]
 [ 0.78812795]
 [ 0.20068179]
 [ 0.14760793]
 [ 0.24757111]
 [ 0.22167903]
 [ 0.11358978]
 [ 0.31697645]
 [ 0.2164978 ]
 [ 0.86230822]
 [ 0.34371891]
 [ 0.75452037]
 [ 0.58188058]
 [ 0.21203895]
 [ 0.66872914]
 [ 0.67008912]
 [ 0.47641319]
 [ 0.0912055 ]
 [ 0.33940972]
 [ 0.19952346]
 [ 0.30022174]
 [ 0.28748809]
 [ 0.14032683]
 [ 0.26349688]
 [ 0.77291064]
 [ 0.53247817]
 [ 0.377992  ]
 [ 0.28907222]
 [ 0.27811983]
 [ 0.38740459]
 [ 0.26870716]
 [ 0.3629426 ]
 [ 0.26137997]
 [ 0.30944046]
 [ 0.39913195]
 [ 0.43881661]
 [ 0.51573027]
 [ 0.18748172]
 [ 0.24505913]
 [ 0.07721191]
 [ 0.82194241]
 [ 0.3827921 ]
 [ 0.45497063]
 [ 0.72527424]
 [ 0.20199542]
 [ 0.76016979]
 [ 0.23164965]
 [ 0.14790986]
 [ 0.27365979]
 [ 0.49997974]
 [ 0.34155184]
 [ 0.63491588]
 [ 0.2809516 ]
 [ 0.14655477]
 [ 0.72269713]
 [ 0.56136412]
 [ 0.11047841]
 [ 0.19161072]
 [ 0.08627815]
 [ 0.42623119]
 [ 0.25857205]
 [ 0.22574006]
 [ 0.42503012]
 [ 0.36788065]
 [ 0.30746298]
 [ 0.47598505]
 [ 0.37980563]
 [ 0.29096714]
 [ 0.38825095]
 [ 0.19492486]
 [ 0.25631838]
 [ 0.45486083]
 [ 0.56173225]
 [ 0.42089065]
 [ 0.39594572]
 [ 0.41087507]
 [ 0.05583494]
 [ 0.27372932]
 [ 0.5267013 ]
 [ 0.5484251 ]
 [ 0.34002218]
 [ 0.17554518]
 [ 0.13225965]
 [ 0.2056995 ]
 [ 0.27273916]
 [ 0.26376302]
 [ 0.36158485]
 [ 0.25589809]
 [ 0.30792325]
 [ 0.64128631]
 [ 0.2955293 ]
 [ 0.71049771]
 [ 0.15164006]
 [ 0.26576764]
 [ 0.30018607]
 [ 0.35005331]
 [ 0.45269959]
 [ 0.35865716]
 [ 0.42971063]
 [ 0.09370726]
 [ 0.13792314]
 [ 0.59041571]
 [ 0.80392204]
 [ 0.36843144]
 [ 0.48969105]
 [ 0.41732332]
 [ 0.1978998 ]
 [ 0.21523012]
 [ 0.37577149]
 [ 0.18821914]
 [ 0.22869115]
 [ 0.39375286]
 [ 0.22997063]
 [ 0.41757572]
 [ 0.49619557]
 [ 0.29410887]
 [ 0.43666488]
 [ 0.64145056]
 [ 0.19684837]
 [ 0.34793436]
 [ 0.12323207]
 [ 0.28235298]
 [ 0.20369477]
 [ 0.36789535]
 [ 0.48227054]
 [ 0.32179899]
 [ 0.19788547]
 [ 0.09418584]
 [ 0.31807411]
 [ 0.24409431]
 [ 0.32423684]
 [ 0.42574579]
 [ 0.50610679]
 [ 0.27843995]
 [ 0.46478258]
 [ 0.7968346 ]
 [ 0.29208557]
 [ 0.31931107]
 [ 0.52818423]
 [ 0.35212614]
 [ 0.53896764]
 [ 0.19024318]
 [ 0.52845684]
 [ 0.26486356]
 [ 0.63861131]
 [ 0.40206769]
 [ 0.54141402]
 [ 0.24056176]
 [ 0.38059511]
 [ 0.3808661 ]
 [ 0.45588167]
 [ 0.4545066 ]
 [ 0.16597699]
 [ 0.38922349]
 [ 0.47597362]
 [ 0.37483891]
 [ 0.10263777]
 [ 0.58275161]
 [ 0.24110659]
 [ 0.61760364]
 [ 0.920809  ]
 [ 0.35427603]
 [ 0.58484206]
 [ 0.1703151 ]
 [ 0.36724127]
 [ 0.21477483]
 [ 0.3257709 ]
 [ 0.6446694 ]
 [ 0.60264169]
 [ 0.30044892]
 [ 0.6274192 ]
 [ 0.19096165]
 [ 0.16726376]
 [ 0.06298457]
 [ 0.49486297]
 [ 0.58975192]
 [ 0.21707301]
 [ 0.27260907]
 [ 0.67844141]
 [ 0.20226182]
 [ 0.21567915]
 [ 0.16855055]
 [ 0.20082017]
 [ 0.22736484]
 [ 0.37424433]
 [ 0.17130629]
 [ 0.41966724]
 [ 0.15203505]
 [ 0.25601164]
 [ 0.17738276]
 [ 0.31575788]
 [ 0.4388982 ]
 [ 0.31050906]
 [ 0.17991308]
 [ 0.38282767]
 [ 0.10641494]
 [ 0.13927787]
 [ 0.32973898]
 [ 0.45978637]
 [ 0.61123265]
 [ 0.26790376]
 [ 0.45641299]
 [ 0.42435003]
 [ 0.60596102]
 [ 0.46331726]
 [ 0.20106927]
 [ 0.20374707]
 [ 0.34619122]
 [ 0.34212487]
 [ 0.35390037]
 [ 0.2005978 ]
 [ 0.55545243]
 [ 0.20704414]
 [ 0.43070248]
 [ 0.37406191]
 [ 0.21977941]
 [ 0.56196358]
 [ 0.66942993]
 [ 0.45716642]
 [ 0.5672285 ]
 [ 0.45169039]
 [ 0.19531532]
 [ 0.53450085]
 [ 0.39837763]
 [ 0.4474304 ]
 [ 0.54084118]
 [ 0.67299349]
 [ 0.22332664]
 [ 0.13975124]
 [ 0.3248821 ]
 [ 0.43966876]
 [ 0.61550071]
 [ 0.50208796]
 [ 0.20565157]
 [ 0.38086881]
 [ 0.27554504]
 [ 0.08397534]
 [ 0.45965086]
 [ 0.25469527]
 [ 0.29533485]
 [ 0.39850848]
 [ 0.33653513]
 [ 0.29401722]
 [ 0.30982565]
 [ 0.33272468]
 [ 0.4696884 ]
 [ 0.32409101]
 [ 0.45934499]
 [ 0.37562455]
 [ 0.54228245]
 [ 0.16262991]
 [ 0.40904404]
 [ 0.46235693]
 [ 0.48777532]
 [ 0.29520952]
 [ 0.41634798]
 [ 0.30678389]
 [ 0.43512246]
 [ 0.54180788]
 [ 0.78125084]
 [ 0.2157795 ]
 [ 0.18338592]
 [ 0.6169306 ]
 [ 0.43299907]
 [ 0.56377764]
 [ 0.28549761]
 [ 0.46708632]
 [ 0.37630583]
 [ 0.59533208]
 [ 0.33692493]
 [ 0.19757165]
 [ 0.83106407]
 [ 0.56136507]
 [ 0.42828737]
 [ 0.317212  ]
 [ 0.36168164]
 [ 0.11899524]
 [ 0.28711853]
 [ 0.45692273]
 [ 0.34101215]
 [ 0.1836036 ]
 [ 0.33034722]
 [ 0.25711857]
 [ 0.24706022]
 [ 0.30809201]
 [ 0.22384136]
 [ 0.31565738]
 [ 0.2336292 ]
 [ 0.47236817]
 [ 0.29927484]
 [ 0.30586503]
 [ 0.30360946]
 [ 0.17233797]
 [ 0.27401179]
 [ 0.28176918]
 [ 0.27982865]
 [ 0.58083003]
 [ 0.38199301]
 [ 0.25233118]
 [ 0.45592847]
 [ 0.67476732]
 [ 0.40073233]
 [ 0.32955629]
 [ 0.29856124]
 [ 0.62215705]
 [ 0.58566582]
 [ 0.42922863]
 [ 0.2747058 ]
 [ 0.25569724]
 [ 0.45218776]
 [ 0.55768563]
 [ 0.36472886]
 [ 0.38615373]
 [ 0.3781921 ]
 [ 0.18775736]
 [ 0.6605615 ]
 [ 0.24952593]
 [ 0.69008643]
 [ 0.28120649]
 [ 0.48818444]
 [ 0.320225  ]
 [ 0.31087888]
 [ 0.42602342]
 [ 0.15367824]]

Y Output
[[1.]
 [0.]
 [1.]
 [0.]
 [1.]
 [0.]
 [1.]
 [0.]
 [1.]
 [1.]
 [0.]
 [1.]
 [0.]
 [1.]
 [1.]
 [1.]
 [1.]
 [1.]
 [0.]
 [1.]
 [0.]
 [0.]
 [1.]
 [1.]
 [1.]
 [1.]
 [1.]
 [0.]
 [0.]
 [0.]
 [0.]
 [1.]
 [0.]
 [0.]
 [0.]
 [0.]
 [0.]
 [1.]
 [1.]
 [1.]
 [0.]
 [0.]
 [0.]
 [1.]
 [0.]
 [1.]
 [0.]
 [0.]
 [1.]
 [0.]
 [0.]
 [0.]
 [0.]
 [1.]
 [0.]
 [0.]
 [1.]
 [0.]
 [0.]
 [0.]
 [0.]
 [1.]
 [0.]
 [0.]
 [1.]
 [0.]
 [1.]
 [0.]
 [0.]
 [0.]
 [1.]
 [0.]
 [1.]
 [0.]
 [0.]
 [0.]
 [0.]
 [0.]
 [1.]
 [0.]
 [0.]
 [0.]
 [0.]
 [0.]
 [1.]
 [0.]
 [0.]
 [0.]
 [1.]
 [0.]
 [0.]
 [0.]
 [0.]
 [1.]
 [0.]
 [0.]
 [0.]
 [0.]
 [0.]
 [1.]
 [1.]
 [0.]
 [0.]
 [0.]
 [0.]
 [0.]
 [0.]
 [0.]
 [0.]
 [1.]
 [1.]
 [1.]
 [0.]
 [0.]
 [1.]
 [1.]
 [1.]
 [0.]
 [0.]
 [0.]
 [1.]
 [0.]
 [0.]
 [0.]
 [1.]
 [1.]
 [0.]
 [0.]
 [1.]
 [1.]
 [1.]
 [1.]
 [1.]
 [0.]
 [0.]
 [0.]
 [0.]
 [0.]
 [0.]
 [0.]
 [0.]
 [0.]
 [0.]
 [1.]
 [0.]
 [0.]
 [0.]
 [0.]
 [0.]
 [0.]
 [0.]
 [0.]
 [1.]
 [0.]
 [1.]
 [1.]
 [0.]
 [0.]
 [0.]
 [1.]
 [0.]
 [0.]
 [0.]
 [0.]
 [1.]
 [1.]
 [0.]
 [0.]
 [0.]
 [0.]
 [1.]
 [1.]
 [0.]
 [0.]
 [0.]
 [1.]
 [0.]
 [1.]
 [0.]
 [1.]
 [0.]
 [0.]
 [0.]
 [0.]
 [0.]
 [1.]
 [1.]
 [1.]
 [1.]
 [1.]
 [0.]
 [0.]
 [1.]
 [1.]
 [0.]
 [1.]
 [0.]
 [1.]
 [1.]
 [1.]
 [0.]
 [0.]
 [0.]
 [0.]
 [0.]
 [0.]
 [1.]
 [1.]
 [0.]
 [1.]
 [0.]
 [0.]
 [0.]
 [1.]
 [1.]
 [1.]
 [1.]
 [0.]
 [1.]
 [1.]
 [1.]
 [1.]
 [0.]
 [0.]
 [0.]
 [0.]
 [0.]
 [1.]
 [0.]
 [0.]
 [1.]
 [1.]
 [0.]
 [0.]
 [0.]
 [1.]
 [1.]
 [1.]
 [1.]
 [0.]
 [0.]
 [0.]
 [1.]
 [1.]
 [0.]
 [1.]
 [0.]
 [0.]
 [0.]
 [0.]
 [0.]
 [0.]
 [0.]
 [0.]
 [1.]
 [1.]
 [0.]
 [0.]
 [0.]
 [1.]
 [0.]
 [1.]
 [0.]
 [0.]
 [1.]
 [0.]
 [1.]
 [0.]
 [0.]
 [1.]
 [1.]
 [0.]
 [0.]
 [0.]
 [0.]
 [0.]
 [1.]
 [0.]
 [0.]
 [0.]
 [1.]
 [0.]
 [0.]
 [1.]
 [1.]
 [0.]
 [0.]
 [1.]
 [0.]
 [0.]
 [0.]
 [1.]
 [1.]
 [1.]
 [0.]
 [0.]
 [1.]
 [0.]
 [1.]
 [0.]
 [1.]
 [1.]
 [0.]
 [1.]
 [0.]
 [0.]
 [1.]
 [0.]
 [1.]
 [1.]
 [0.]
 [0.]
 [1.]
 [0.]
 [1.]
 [0.]
 [0.]
 [1.]
 [0.]
 [1.]
 [0.]
 [1.]
 [1.]
 [1.]
 [0.]
 [0.]
 [1.]
 [0.]
 [1.]
 [0.]
 [0.]
 [0.]
 [1.]
 [0.]
 [0.]
 [0.]
 [0.]
 [1.]
 [1.]
 [1.]
 [0.]
 [0.]
 [0.]
 [0.]
 [0.]
 [0.]
 [0.]
 [0.]
 [0.]
 [1.]
 [0.]
 [0.]
 [0.]
 [0.]
 [0.]
 [1.]
 [1.]
 [1.]
 [0.]
 [1.]
 [1.]
 [0.]
 [0.]
 [1.]
 [0.]
 [0.]
 [1.]
 [0.]
 [0.]
 [1.]
 [1.]
 [0.]
 [0.]
 [0.]
 [0.]
 [1.]
 [0.]
 [0.]
 [1.]
 [0.]
 [0.]
 [0.]
 [0.]
 [0.]
 [0.]
 [0.]
 [1.]
 [1.]
 [1.]
 [0.]
 [0.]
 [1.]
 [0.]
 [0.]
 [1.]
 [0.]
 [0.]
 [1.]
 [0.]
 [1.]
 [1.]
 [0.]
 [1.]
 [0.]
 [1.]
 [0.]
 [1.]
 [0.]
 [1.]
 [1.]
 [0.]
 [0.]
 [0.]
 [0.]
 [1.]
 [1.]
 [0.]
 [1.]
 [0.]
 [1.]
 [0.]
 [0.]
 [0.]
 [0.]
 [1.]
 [1.]
 [0.]
 [1.]
 [0.]
 [1.]
 [0.]
 [0.]
 [0.]
 [0.]
 [0.]
 [1.]
 [0.]
 [0.]
 [0.]
 [0.]
 [1.]
 [0.]
 [0.]
 [1.]
 [1.]
 [1.]
 [0.]
 [0.]
 [1.]
 [0.]
 [0.]
 [1.]
 [0.]
 [0.]
 [0.]
 [1.]
 [0.]
 [0.]
 [1.]
 [0.]
 [0.]
 [0.]
 [0.]
 [0.]
 [0.]
 [0.]
 [0.]
 [0.]
 [1.]
 [0.]
 [0.]
 [0.]
 [0.]
 [0.]
 [0.]
 [0.]
 [1.]
 [0.]
 [0.]
 [0.]
 [1.]
 [0.]
 [0.]
 [0.]
 [1.]
 [1.]
 [0.]
 [0.]
 [0.]
 [0.]
 [0.]
 [0.]
 [0.]
 [1.]
 [0.]
 [0.]
 [0.]
 [0.]
 [1.]
 [0.]
 [0.]
 [0.]
 [1.]
 [0.]
 [0.]
 [0.]
 [1.]
 [0.]
 [0.]
 [0.]
 [1.]
 [0.]
 [0.]
 [0.]
 [0.]
 [1.]
 [1.]
 [0.]
 [0.]
 [0.]
 [0.]
 [0.]
 [0.]
 [1.]
 [0.]
 [0.]
 [0.]
 [0.]
 [0.]
 [0.]
 [0.]
 [0.]
 [0.]
 [0.]
 [0.]
 [1.]
 [0.]
 [0.]
 [0.]
 [1.]
 [1.]
 [1.]
 [1.]
 [0.]
 [0.]
 [1.]
 [1.]
 [0.]
 [0.]
 [0.]
 [0.]
 [0.]
 [0.]
 [0.]
 [0.]
 [0.]
 [0.]
 [0.]
 [0.]
 [0.]
 [1.]
 [1.]
 [0.]
 [0.]
 [0.]
 [0.]
 [0.]
 [0.]
 [0.]
 [1.]
 [0.]
 [0.]
 [0.]
 [0.]
 [0.]
 [0.]
 [0.]
 [1.]
 [0.]
 [1.]
 [1.]
 [0.]
 [0.]
 [0.]
 [1.]
 [0.]
 [1.]
 [0.]
 [1.]
 [0.]
 [1.]
 [0.]
 [1.]
 [0.]
 [0.]
 [1.]
 [0.]
 [0.]
 [1.]
 [0.]
 [0.]
 [0.]
 [0.]
 [1.]
 [1.]
 [0.]
 [1.]
 [0.]
 [0.]
 [0.]
 [0.]
 [1.]
 [1.]
 [0.]
 [1.]
 [0.]
 [0.]
 [0.]
 [1.]
 [1.]
 [0.]
 [0.]
 [0.]
 [0.]
 [0.]
 [0.]
 [0.]
 [0.]
 [0.]
 [0.]
 [1.]
 [0.]
 [0.]
 [0.]
 [0.]
 [1.]
 [0.]
 [0.]
 [1.]
 [0.]
 [0.]
 [0.]
 [1.]
 [0.]
 [0.]
 [0.]
 [1.]
 [1.]
 [1.]
 [0.]
 [0.]
 [0.]
 [0.]
 [0.]
 [0.]
 [1.]
 [0.]
 [0.]
 [0.]
 [1.]
 [0.]
 [1.]
 [1.]
 [1.]
 [1.]
 [0.]
 [1.]
 [1.]
 [0.]
 [0.]
 [0.]
 [0.]
 [0.]
 [0.]
 [0.]
 [1.]
 [1.]
 [0.]
 [1.]
 [0.]
 [0.]
 [1.]
 [0.]
 [1.]
 [0.]
 [0.]
 [0.]
 [0.]
 [0.]
 [1.]
 [0.]
 [1.]
 [0.]
 [1.]
 [0.]
 [1.]
 [1.]
 [0.]
 [0.]
 [0.]
 [0.]
 [1.]
 [1.]
 [0.]
 [0.]
 [0.]
 [1.]
 [0.]
 [1.]
 [1.]
 [0.]
 [0.]
 [1.]
 [0.]
 [0.]
 [1.]
 [1.]
 [0.]
 [0.]
 [1.]
 [0.]
 [0.]
 [1.]
 [0.]
 [0.]
 [0.]
 [0.]
 [0.]
 [0.]
 [0.]
 [1.]
 [1.]
 [1.]
 [0.]
 [0.]
 [0.]
 [0.]
 [0.]
 [0.]
 [1.]
 [1.]
 [0.]
 [0.]
 [1.]
 [0.]
 [0.]
 [1.]
 [0.]
 [1.]
 [1.]
 [1.]
 [0.]
 [0.]
 [1.]
 [1.]
 [1.]
 [0.]
 [1.]
 [0.]
 [1.]
 [0.]
 [1.]
 [0.]
 [0.]
 [0.]
 [0.]
 [1.]
 [0.]]

Current Hidden Layer :8

Iteration 0: | Error:0.4966595470409832
Iteration 10000: | Error:0.3789427014647641
Iteration 20000: | Error:0.37890231474431474
Iteration 30000: | Error:0.37889901970284995
Iteration 40000: | Error:0.3788987550690493
Iteration 50000: | Error:0.37889873384319994
Iteration 60000: | Error:0.3788987321408867
Iteration 70000: | Error:0.37889873200436236
Iteration 80000: | Error:0.3788987319934131
Iteration 90000: | Error:0.37889873199253515

L2 Output after training:
[[ 0.58942619]
 [ 0.17039411]
 [ 0.64244843]
 [ 0.12738449]
 [ 0.78737669]
 [ 0.25795213]
 [ 0.25451061]
 [ 0.76199753]
 [ 0.69963603]
 [ 0.21407937]
 [ 0.17915703]
 [ 0.62862604]
 [ 0.65037534]
 [ 0.77213521]
 [ 0.60584119]
 [ 0.69176234]
 [ 0.30699996]
 [ 0.28528953]
 [ 0.50583932]
 [ 0.32177547]
 [ 0.32375323]
 [ 0.34939645]
 [ 0.62786712]
 [ 0.3291469 ]
 [ 0.51443226]
 [ 0.482646  ]
 [ 0.51769555]
 [ 0.17154906]
 [ 0.56860544]
 [ 0.256214  ]
 [ 0.46674283]
 [ 0.48453043]
 [ 0.18960848]
 [ 0.05404222]
 [ 0.45990522]
 [ 0.3887461 ]
 [ 0.49711165]
 [ 0.43382452]
 [ 0.24914932]
 [ 0.57453339]
 [ 0.5499462 ]
 [ 0.4480998 ]
 [ 0.23883048]
 [ 0.60393635]
 [ 0.55893096]
 [ 0.70389037]
 [ 0.45426399]
 [ 0.10302522]
 [ 0.3821771 ]
 [ 0.51313814]
 [ 0.09454213]
 [ 0.2933634 ]
 [ 0.22296936]
 [ 0.65983142]
 [ 0.64519693]
 [ 0.13113766]
 [ 0.71982621]
 [ 0.26947018]
 [ 0.55161479]
 [ 0.25778029]
 [ 0.34996951]
 [ 0.45741654]
 [ 0.13685934]
 [ 0.4347122 ]
 [ 0.42040671]
 [ 0.23538918]
 [ 0.23647266]
 [ 0.35360238]
 [ 0.13827204]
 [ 0.30688809]
 [ 0.31065896]
 [ 0.43455639]
 [ 0.50730866]
 [ 0.26349382]
 [ 0.08844207]
 [-0.10958002]
 [ 0.18141751]
 [ 0.26948087]
 [ 0.7054309 ]
 [ 0.23202578]
 [ 0.32582157]
 [ 0.29765021]
 [ 0.27283118]
 [ 0.15246391]
 [ 0.29163537]
 [ 0.2833955 ]
 [ 0.49661396]
 [ 0.25856445]
 [ 0.63028112]
 [ 0.17889998]
 [ 0.10740099]
 [ 0.32740523]
 [ 0.32470843]
 [ 0.45886924]
 [ 0.28694478]
 [ 0.49977677]
 [ 0.19730799]
 [ 0.14390981]
 [ 0.33676191]
 [ 0.29840034]
 [ 0.56091524]
 [ 0.35877868]
 [ 0.04548578]
 [ 0.08111128]
 [ 0.28210389]
 [ 0.38918542]
 [-0.15997585]
 [ 0.50926164]
 [ 0.24421594]
 [ 0.09411494]
 [ 0.46210735]
 [ 0.69858503]
 [ 0.10119712]
 [ 0.20287803]
 [ 0.68274366]
 [ 0.46046215]
 [ 0.36491139]
 [ 0.32760011]
 [ 0.26218384]
 [ 0.13075836]
 [ 0.52930458]
 [ 0.34427628]
 [ 0.22653985]
 [ 0.47024896]
 [ 0.17250428]
 [ 0.51079541]
 [ 0.39243354]
 [ 0.32202154]
 [ 0.25575164]
 [ 0.3107462 ]
 [ 0.53210453]
 [ 0.5849735 ]
 [ 0.56004947]
 [ 0.33306646]
 [ 0.19223744]
 [ 0.36811943]
 [ 0.18713661]
 [ 0.20663796]
 [ 0.27185607]
 [ 0.30120156]
 [ 0.35322756]
 [ 0.30414006]
 [ 0.32568402]
 [ 0.44395844]
 [ 0.47671739]
 [ 0.01735949]
 [ 0.16819905]
 [ 0.42589297]
 [ 0.55032987]
 [ 0.10800394]
 [ 0.35054002]
 [ 0.32549812]
 [ 0.61974312]
 [ 0.42231039]
 [ 0.69251626]
 [ 0.51439308]
 [ 0.28433594]
 [ 0.3215386 ]
 [ 0.10698949]
 [ 0.85706392]
 [ 0.35374653]
 [ 0.38771722]
 [ 0.24433638]
 [ 0.21523836]
 [ 0.25606498]
 [ 0.37662767]
 [ 0.39474707]
 [ 0.38187992]
 [ 0.31873839]
 [ 0.17411296]
 [ 0.23069835]
 [ 0.45357487]
 [ 0.57418015]
 [ 0.26620749]
 [ 0.18811068]
 [ 0.67915494]
 [ 0.24459958]
 [ 0.24858124]
 [ 0.50043768]
 [ 0.44140261]
 [ 0.12420447]
 [ 0.32779139]
 [-0.22217706]
 [ 0.18090852]
 [ 0.39212383]
 [ 0.76564687]
 [ 0.81797256]
 [ 0.2971979 ]
 [ 0.35455648]
 [ 0.35314696]
 [ 0.21230851]
 [ 0.49002   ]
 [ 0.55274525]
 [ 1.02621994]
 [ 0.34941143]
 [ 0.46284511]
 [ 0.19555254]
 [ 0.27577765]
 [ 0.39763123]
 [ 0.47692319]
 [ 0.20231581]
 [ 0.29365766]
 [ 0.27674814]
 [ 0.14987354]
 [ 0.45140757]
 [ 0.26364935]
 [ 0.83018327]
 [ 0.41248001]
 [ 0.20096437]
 [ 0.60217411]
 [ 0.17077105]
 [ 0.32638136]
 [ 0.58747818]
 [ 0.41069183]
 [ 0.36011718]
 [ 0.71341214]
 [ 0.3815439 ]
 [ 0.4158845 ]
 [ 0.294495  ]
 [ 0.40213326]
 [ 0.60884947]
 [ 0.53778331]
 [ 0.73024004]
 [ 0.69529226]
 [ 0.21705847]
 [ 0.08115893]
 [ 0.14693782]
 [ 0.59939779]
 [ 0.89916379]
 [ 0.2212176 ]
 [ 0.36509555]
 [ 0.5180862 ]
 [ 0.05121184]
 [ 0.35617847]
 [ 0.12348368]
 [ 0.54181132]
 [ 0.67241795]
 [ 0.43510591]
 [ 0.54375395]
 [ 0.12364521]
 [ 0.14764392]
 [ 0.21948493]
 [ 0.40079037]
 [ 0.57570284]
 [ 0.40251471]
 [ 0.72415201]
 [ 0.47060295]
 [ 0.44051208]
 [ 0.48010084]
 [ 0.10533545]
 [ 0.50365967]
 [ 0.21060181]
 [ 0.06987422]
 [ 0.15143407]
 [ 0.51632966]
 [ 0.28823806]
 [ 0.38402264]
 [ 0.22685569]
 [ 0.65080893]
 [ 0.75560976]
 [ 0.59289096]
 [ 0.78234053]
 [ 0.25091058]
 [ 0.48107241]
 [ 0.38838972]
 [ 0.38435477]
 [ 0.76514081]
 [ 0.46332438]
 [ 0.19430607]
 [ 0.72166994]
 [ 0.46329771]
 [ 0.21475113]
 [ 0.26845497]
 [ 0.05927743]
 [ 0.51368589]
 [ 0.30146491]
 [ 0.34859801]
 [ 0.21645972]
 [ 0.43417794]
 [ 0.30558609]
 [ 0.37202169]
 [ 0.48652338]
 [ 0.3595265 ]
 [ 0.48020646]
 [ 0.26924079]
 [ 0.52751154]
 [ 0.5189958 ]
 [ 0.32803613]
 [ 0.25415826]
 [ 0.3336128 ]
 [ 0.02384725]
 [ 0.321314  ]
 [ 0.45851529]
 [ 0.49752736]
 [ 0.62501839]
 [ 0.57143499]
 [ 0.4001101 ]
 [ 0.21991338]
 [ 0.48686994]
 [ 0.4920401 ]
 [ 0.86210074]
 [ 0.44872599]
 [ 0.16412479]
 [ 0.24271883]
 [ 0.34921096]
 [ 0.30102348]
 [ 0.63536642]
 [ 0.25196099]
 [ 0.4049178 ]
 [ 0.40523118]
 [ 0.26957038]
 [ 0.26456176]
 [ 0.37909278]
 [ 0.39707291]
 [ 0.45395602]
 [ 0.27953014]
 [ 0.12432033]
 [ 0.493698  ]
 [ 0.33629491]
 [ 0.6453953 ]
 [ 0.43266267]
 [ 0.23072181]
 [ 0.28391005]
 [ 0.55885044]
 [ 0.2059675 ]
 [ 0.33574854]
 [ 0.39389408]
 [ 0.65319108]
 [ 0.17315369]
 [ 0.32271211]
 [ 0.53124089]
 [ 0.21301181]
 [ 0.96552122]
 [ 0.3453908 ]
 [ 0.17181793]
 [ 0.46980325]
 [ 0.76944707]
 [ 0.35117557]
 [ 0.57740535]
 [ 0.58441701]
 [ 0.27388304]
 [ 0.21866007]
 [-0.1502406 ]
 [ 0.28024486]
 [ 0.45022648]
 [ 0.45062156]
 [ 0.46908924]
 [ 0.58321071]
 [ 0.21776278]
 [-0.04836539]
 [ 0.20219943]
 [ 0.29429425]
 [ 0.1245193 ]
 [ 0.19927082]
 [ 0.1903034 ]
 [ 0.53776866]
 [ 0.49566377]
 [ 1.00873074]
 [ 0.43453137]
 [ 0.61849082]
 [ 0.66588377]
 [ 0.60350777]
 [ 0.28462566]
 [ 0.59620972]
 [ 0.4440867 ]
 [ 0.39471957]
 [ 0.33451151]
 [ 0.13326667]
 [ 0.03344033]
 [ 0.23535291]
 [ 0.6803121 ]
 [ 0.26404041]
 [ 0.18002695]
 [ 0.30601321]
 [ 0.48769254]
 [ 0.67395489]
 [ 0.05911115]
 [ 0.24161802]
 [ 0.49690573]
 [ 0.1780603 ]
 [ 0.25813355]
 [ 0.1262897 ]
 [ 0.30096843]
 [ 0.27237633]
 [ 0.24101705]
 [ 0.28205839]
 [ 0.37502726]
 [ 0.29666855]
 [ 0.53153537]
 [ 0.31846807]
 [ 0.32241151]
 [ 0.5170301 ]
 [ 0.30551479]
 [ 0.30964952]
 [ 0.47283412]
 [ 0.50312169]
 [ 0.39563708]
 [ 0.29835191]
 [ 0.10580203]
 [ 0.55776211]
 [ 0.25313028]
 [ 0.5233829 ]
 [ 0.3740954 ]
 [ 0.22668955]
 [ 0.57359141]
 [ 0.49425894]
 [ 0.36015457]
 [ 0.16881493]
 [ 0.73904639]
 [ 0.60724667]
 [ 0.24290485]
 [ 0.27122638]
 [ 0.40291541]
 [ 0.2725027 ]
 [ 0.39678077]
 [ 0.43336746]
 [ 0.23906998]
 [ 0.44334916]
 [ 0.11159043]
 [ 0.3436875 ]
 [ 0.26684679]
 [ 0.17880004]
 [ 0.2715246 ]
 [ 0.27840392]
 [ 0.5741076 ]
 [ 0.55914142]
 [ 0.36887439]
 [ 0.5958578 ]
 [ 0.23045378]
 [ 0.21146364]
 [ 0.49383141]
 [ 0.24320583]
 [ 0.09767844]
 [ 0.28005559]
 [ 0.267126  ]
 [ 0.74405626]
 [ 0.51376581]
 [ 0.39729537]
 [ 0.07657702]
 [ 0.27925814]
 [ 0.40637038]
 [ 0.17800784]
 [ 0.32968136]
 [ 0.41493429]
 [ 0.35489887]
 [ 0.78812793]
 [ 0.20068179]
 [ 0.14760793]
 [ 0.24757111]
 [ 0.22167903]
 [ 0.11358978]
 [ 0.31697645]
 [ 0.2164978 ]
 [ 0.86230822]
 [ 0.34371891]
 [ 0.75452036]
 [ 0.58188058]
 [ 0.21203894]
 [ 0.66872914]
 [ 0.67008912]
 [ 0.47641319]
 [ 0.0912055 ]
 [ 0.33940971]
 [ 0.19952346]
 [ 0.30022174]
 [ 0.28748809]
 [ 0.14032683]
 [ 0.26349688]
 [ 0.77291064]
 [ 0.53247817]
 [ 0.37799199]
 [ 0.28907222]
 [ 0.27811983]
 [ 0.38740459]
 [ 0.26870717]
 [ 0.3629426 ]
 [ 0.26137997]
 [ 0.30944046]
 [ 0.39913195]
 [ 0.4388166 ]
 [ 0.51573028]
 [ 0.18748172]
 [ 0.24505913]
 [ 0.07721191]
 [ 0.82194241]
 [ 0.3827921 ]
 [ 0.45497064]
 [ 0.72527424]
 [ 0.20199542]
 [ 0.76016979]
 [ 0.23164965]
 [ 0.14790985]
 [ 0.27365978]
 [ 0.49997973]
 [ 0.34155184]
 [ 0.63491588]
 [ 0.2809516 ]
 [ 0.14655476]
 [ 0.72269713]
 [ 0.56136412]
 [ 0.11047841]
 [ 0.19161072]
 [ 0.08627813]
 [ 0.42623118]
 [ 0.25857205]
 [ 0.22574006]
 [ 0.42503013]
 [ 0.36788065]
 [ 0.30746298]
 [ 0.47598505]
 [ 0.37980563]
 [ 0.29096715]
 [ 0.38825096]
 [ 0.19492486]
 [ 0.25631838]
 [ 0.45486083]
 [ 0.56173225]
 [ 0.42089065]
 [ 0.39594571]
 [ 0.41087508]
 [ 0.05583494]
 [ 0.27372932]
 [ 0.5267013 ]
 [ 0.5484251 ]
 [ 0.34002218]
 [ 0.17554517]
 [ 0.13225965]
 [ 0.20569951]
 [ 0.27273917]
 [ 0.26376302]
 [ 0.36158485]
 [ 0.25589809]
 [ 0.30792324]
 [ 0.64128631]
 [ 0.29552929]
 [ 0.71049771]
 [ 0.15164007]
 [ 0.26576763]
 [ 0.30018607]
 [ 0.3500533 ]
 [ 0.45269959]
 [ 0.35865716]
 [ 0.42971062]
 [ 0.09370726]
 [ 0.13792314]
 [ 0.59041571]
 [ 0.80392204]
 [ 0.36843144]
 [ 0.48969105]
 [ 0.41732332]
 [ 0.1978998 ]
 [ 0.21523012]
 [ 0.37577149]
 [ 0.18821914]
 [ 0.22869115]
 [ 0.39375286]
 [ 0.22997062]
 [ 0.41757572]
 [ 0.49619556]
 [ 0.29410887]
 [ 0.43666489]
 [ 0.64145057]
 [ 0.19684837]
 [ 0.34793436]
 [ 0.12323207]
 [ 0.28235297]
 [ 0.20369477]
 [ 0.36789535]
 [ 0.48227054]
 [ 0.321799  ]
 [ 0.19788548]
 [ 0.09418584]
 [ 0.3180741 ]
 [ 0.24409432]
 [ 0.32423685]
 [ 0.42574579]
 [ 0.50610678]
 [ 0.27843995]
 [ 0.46478258]
 [ 0.79683459]
 [ 0.29208556]
 [ 0.31931107]
 [ 0.52818423]
 [ 0.35212614]
 [ 0.53896766]
 [ 0.19024318]
 [ 0.52845684]
 [ 0.26486356]
 [ 0.63861131]
 [ 0.40206769]
 [ 0.54141401]
 [ 0.24056176]
 [ 0.38059511]
 [ 0.38086609]
 [ 0.45588167]
 [ 0.45450661]
 [ 0.16597699]
 [ 0.38922349]
 [ 0.47597363]
 [ 0.37483891]
 [ 0.10263777]
 [ 0.58275161]
 [ 0.24110659]
 [ 0.61760364]
 [ 0.920809  ]
 [ 0.35427602]
 [ 0.58484206]
 [ 0.1703151 ]
 [ 0.36724128]
 [ 0.21477484]
 [ 0.3257709 ]
 [ 0.64466941]
 [ 0.60264169]
 [ 0.30044891]
 [ 0.6274192 ]
 [ 0.19096166]
 [ 0.16726376]
 [ 0.06298457]
 [ 0.49486296]
 [ 0.58975192]
 [ 0.21707301]
 [ 0.27260906]
 [ 0.67844141]
 [ 0.20226182]
 [ 0.21567916]
 [ 0.16855055]
 [ 0.20082017]
 [ 0.22736484]
 [ 0.37424433]
 [ 0.17130629]
 [ 0.41966723]
 [ 0.15203505]
 [ 0.25601164]
 [ 0.17738277]
 [ 0.31575788]
 [ 0.43889819]
 [ 0.31050906]
 [ 0.17991308]
 [ 0.38282766]
 [ 0.10641494]
 [ 0.13927787]
 [ 0.32973898]
 [ 0.45978638]
 [ 0.61123265]
 [ 0.26790375]
 [ 0.45641301]
 [ 0.42435004]
 [ 0.60596102]
 [ 0.46331726]
 [ 0.20106927]
 [ 0.20374707]
 [ 0.34619123]
 [ 0.34212487]
 [ 0.35390037]
 [ 0.2005978 ]
 [ 0.55545245]
 [ 0.20704414]
 [ 0.43070247]
 [ 0.37406191]
 [ 0.2197794 ]
 [ 0.56196358]
 [ 0.66942992]
 [ 0.45716642]
 [ 0.5672285 ]
 [ 0.45169038]
 [ 0.19531532]
 [ 0.53450085]
 [ 0.39837763]
 [ 0.4474304 ]
 [ 0.54084118]
 [ 0.67299349]
 [ 0.22332664]
 [ 0.13975124]
 [ 0.3248821 ]
 [ 0.43966876]
 [ 0.61550071]
 [ 0.50208796]
 [ 0.20565158]
 [ 0.38086882]
 [ 0.27554505]
 [ 0.08397534]
 [ 0.45965085]
 [ 0.25469527]
 [ 0.29533485]
 [ 0.39850849]
 [ 0.33653513]
 [ 0.29401722]
 [ 0.30982565]
 [ 0.33272469]
 [ 0.4696884 ]
 [ 0.32409101]
 [ 0.45934499]
 [ 0.37562455]
 [ 0.54228245]
 [ 0.16262992]
 [ 0.40904405]
 [ 0.46235694]
 [ 0.48777532]
 [ 0.29520952]
 [ 0.41634798]
 [ 0.30678389]
 [ 0.43512246]
 [ 0.54180788]
 [ 0.78125084]
 [ 0.2157795 ]
 [ 0.18338591]
 [ 0.6169306 ]
 [ 0.43299907]
 [ 0.56377764]
 [ 0.28549761]
 [ 0.46708633]
 [ 0.37630583]
 [ 0.59533207]
 [ 0.33692493]
 [ 0.19757166]
 [ 0.83106408]
 [ 0.56136507]
 [ 0.42828737]
 [ 0.317212  ]
 [ 0.36168164]
 [ 0.11899524]
 [ 0.28711853]
 [ 0.45692273]
 [ 0.34101215]
 [ 0.1836036 ]
 [ 0.33034722]
 [ 0.25711857]
 [ 0.24706022]
 [ 0.30809201]
 [ 0.22384136]
 [ 0.31565738]
 [ 0.2336292 ]
 [ 0.47236817]
 [ 0.29927484]
 [ 0.30586503]
 [ 0.30360946]
 [ 0.17233797]
 [ 0.27401178]
 [ 0.28176918]
 [ 0.27982865]
 [ 0.58083002]
 [ 0.38199301]
 [ 0.25233118]
 [ 0.45592847]
 [ 0.67476731]
 [ 0.40073232]
 [ 0.32955628]
 [ 0.29856123]
 [ 0.62215706]
 [ 0.58566583]
 [ 0.42922862]
 [ 0.2747058 ]
 [ 0.25569724]
 [ 0.45218777]
 [ 0.55768563]
 [ 0.36472886]
 [ 0.38615373]
 [ 0.37819211]
 [ 0.18775736]
 [ 0.66056151]
 [ 0.24952593]
 [ 0.69008642]
 [ 0.28120649]
 [ 0.48818444]
 [ 0.320225  ]
 [ 0.31087888]
 [ 0.42602343]
 [ 0.15367824]]

Y Output
[[1.]
 [0.]
 [1.]
 [0.]
 [1.]
 [0.]
 [1.]
 [0.]
 [1.]
 [1.]
 [0.]
 [1.]
 [0.]
 [1.]
 [1.]
 [1.]
 [1.]
 [1.]
 [0.]
 [1.]
 [0.]
 [0.]
 [1.]
 [1.]
 [1.]
 [1.]
 [1.]
 [0.]
 [0.]
 [0.]
 [0.]
 [1.]
 [0.]
 [0.]
 [0.]
 [0.]
 [0.]
 [1.]
 [1.]
 [1.]
 [0.]
 [0.]
 [0.]
 [1.]
 [0.]
 [1.]
 [0.]
 [0.]
 [1.]
 [0.]
 [0.]
 [0.]
 [0.]
 [1.]
 [0.]
 [0.]
 [1.]
 [0.]
 [0.]
 [0.]
 [0.]
 [1.]
 [0.]
 [0.]
 [1.]
 [0.]
 [1.]
 [0.]
 [0.]
 [0.]
 [1.]
 [0.]
 [1.]
 [0.]
 [0.]
 [0.]
 [0.]
 [0.]
 [1.]
 [0.]
 [0.]
 [0.]
 [0.]
 [0.]
 [1.]
 [0.]
 [0.]
 [0.]
 [1.]
 [0.]
 [0.]
 [0.]
 [0.]
 [1.]
 [0.]
 [0.]
 [0.]
 [0.]
 [0.]
 [1.]
 [1.]
 [0.]
 [0.]
 [0.]
 [0.]
 [0.]
 [0.]
 [0.]
 [0.]
 [1.]
 [1.]
 [1.]
 [0.]
 [0.]
 [1.]
 [1.]
 [1.]
 [0.]
 [0.]
 [0.]
 [1.]
 [0.]
 [0.]
 [0.]
 [1.]
 [1.]
 [0.]
 [0.]
 [1.]
 [1.]
 [1.]
 [1.]
 [1.]
 [0.]
 [0.]
 [0.]
 [0.]
 [0.]
 [0.]
 [0.]
 [0.]
 [0.]
 [0.]
 [1.]
 [0.]
 [0.]
 [0.]
 [0.]
 [0.]
 [0.]
 [0.]
 [0.]
 [1.]
 [0.]
 [1.]
 [1.]
 [0.]
 [0.]
 [0.]
 [1.]
 [0.]
 [0.]
 [0.]
 [0.]
 [1.]
 [1.]
 [0.]
 [0.]
 [0.]
 [0.]
 [1.]
 [1.]
 [0.]
 [0.]
 [0.]
 [1.]
 [0.]
 [1.]
 [0.]
 [1.]
 [0.]
 [0.]
 [0.]
 [0.]
 [0.]
 [1.]
 [1.]
 [1.]
 [1.]
 [1.]
 [0.]
 [0.]
 [1.]
 [1.]
 [0.]
 [1.]
 [0.]
 [1.]
 [1.]
 [1.]
 [0.]
 [0.]
 [0.]
 [0.]
 [0.]
 [0.]
 [1.]
 [1.]
 [0.]
 [1.]
 [0.]
 [0.]
 [0.]
 [1.]
 [1.]
 [1.]
 [1.]
 [0.]
 [1.]
 [1.]
 [1.]
 [1.]
 [0.]
 [0.]
 [0.]
 [0.]
 [0.]
 [1.]
 [0.]
 [0.]
 [1.]
 [1.]
 [0.]
 [0.]
 [0.]
 [1.]
 [1.]
 [1.]
 [1.]
 [0.]
 [0.]
 [0.]
 [1.]
 [1.]
 [0.]
 [1.]
 [0.]
 [0.]
 [0.]
 [0.]
 [0.]
 [0.]
 [0.]
 [0.]
 [1.]
 [1.]
 [0.]
 [0.]
 [0.]
 [1.]
 [0.]
 [1.]
 [0.]
 [0.]
 [1.]
 [0.]
 [1.]
 [0.]
 [0.]
 [1.]
 [1.]
 [0.]
 [0.]
 [0.]
 [0.]
 [0.]
 [1.]
 [0.]
 [0.]
 [0.]
 [1.]
 [0.]
 [0.]
 [1.]
 [1.]
 [0.]
 [0.]
 [1.]
 [0.]
 [0.]
 [0.]
 [1.]
 [1.]
 [1.]
 [0.]
 [0.]
 [1.]
 [0.]
 [1.]
 [0.]
 [1.]
 [1.]
 [0.]
 [1.]
 [0.]
 [0.]
 [1.]
 [0.]
 [1.]
 [1.]
 [0.]
 [0.]
 [1.]
 [0.]
 [1.]
 [0.]
 [0.]
 [1.]
 [0.]
 [1.]
 [0.]
 [1.]
 [1.]
 [1.]
 [0.]
 [0.]
 [1.]
 [0.]
 [1.]
 [0.]
 [0.]
 [0.]
 [1.]
 [0.]
 [0.]
 [0.]
 [0.]
 [1.]
 [1.]
 [1.]
 [0.]
 [0.]
 [0.]
 [0.]
 [0.]
 [0.]
 [0.]
 [0.]
 [0.]
 [1.]
 [0.]
 [0.]
 [0.]
 [0.]
 [0.]
 [1.]
 [1.]
 [1.]
 [0.]
 [1.]
 [1.]
 [0.]
 [0.]
 [1.]
 [0.]
 [0.]
 [1.]
 [0.]
 [0.]
 [1.]
 [1.]
 [0.]
 [0.]
 [0.]
 [0.]
 [1.]
 [0.]
 [0.]
 [1.]
 [0.]
 [0.]
 [0.]
 [0.]
 [0.]
 [0.]
 [0.]
 [1.]
 [1.]
 [1.]
 [0.]
 [0.]
 [1.]
 [0.]
 [0.]
 [1.]
 [0.]
 [0.]
 [1.]
 [0.]
 [1.]
 [1.]
 [0.]
 [1.]
 [0.]
 [1.]
 [0.]
 [1.]
 [0.]
 [1.]
 [1.]
 [0.]
 [0.]
 [0.]
 [0.]
 [1.]
 [1.]
 [0.]
 [1.]
 [0.]
 [1.]
 [0.]
 [0.]
 [0.]
 [0.]
 [1.]
 [1.]
 [0.]
 [1.]
 [0.]
 [1.]
 [0.]
 [0.]
 [0.]
 [0.]
 [0.]
 [1.]
 [0.]
 [0.]
 [0.]
 [0.]
 [1.]
 [0.]
 [0.]
 [1.]
 [1.]
 [1.]
 [0.]
 [0.]
 [1.]
 [0.]
 [0.]
 [1.]
 [0.]
 [0.]
 [0.]
 [1.]
 [0.]
 [0.]
 [1.]
 [0.]
 [0.]
 [0.]
 [0.]
 [0.]
 [0.]
 [0.]
 [0.]
 [0.]
 [1.]
 [0.]
 [0.]
 [0.]
 [0.]
 [0.]
 [0.]
 [0.]
 [1.]
 [0.]
 [0.]
 [0.]
 [1.]
 [0.]
 [0.]
 [0.]
 [1.]
 [1.]
 [0.]
 [0.]
 [0.]
 [0.]
 [0.]
 [0.]
 [0.]
 [1.]
 [0.]
 [0.]
 [0.]
 [0.]
 [1.]
 [0.]
 [0.]
 [0.]
 [1.]
 [0.]
 [0.]
 [0.]
 [1.]
 [0.]
 [0.]
 [0.]
 [1.]
 [0.]
 [0.]
 [0.]
 [0.]
 [1.]
 [1.]
 [0.]
 [0.]
 [0.]
 [0.]
 [0.]
 [0.]
 [1.]
 [0.]
 [0.]
 [0.]
 [0.]
 [0.]
 [0.]
 [0.]
 [0.]
 [0.]
 [0.]
 [0.]
 [1.]
 [0.]
 [0.]
 [0.]
 [1.]
 [1.]
 [1.]
 [1.]
 [0.]
 [0.]
 [1.]
 [1.]
 [0.]
 [0.]
 [0.]
 [0.]
 [0.]
 [0.]
 [0.]
 [0.]
 [0.]
 [0.]
 [0.]
 [0.]
 [0.]
 [1.]
 [1.]
 [0.]
 [0.]
 [0.]
 [0.]
 [0.]
 [0.]
 [0.]
 [1.]
 [0.]
 [0.]
 [0.]
 [0.]
 [0.]
 [0.]
 [0.]
 [1.]
 [0.]
 [1.]
 [1.]
 [0.]
 [0.]
 [0.]
 [1.]
 [0.]
 [1.]
 [0.]
 [1.]
 [0.]
 [1.]
 [0.]
 [1.]
 [0.]
 [0.]
 [1.]
 [0.]
 [0.]
 [1.]
 [0.]
 [0.]
 [0.]
 [0.]
 [1.]
 [1.]
 [0.]
 [1.]
 [0.]
 [0.]
 [0.]
 [0.]
 [1.]
 [1.]
 [0.]
 [1.]
 [0.]
 [0.]
 [0.]
 [1.]
 [1.]
 [0.]
 [0.]
 [0.]
 [0.]
 [0.]
 [0.]
 [0.]
 [0.]
 [0.]
 [0.]
 [1.]
 [0.]
 [0.]
 [0.]
 [0.]
 [1.]
 [0.]
 [0.]
 [1.]
 [0.]
 [0.]
 [0.]
 [1.]
 [0.]
 [0.]
 [0.]
 [1.]
 [1.]
 [1.]
 [0.]
 [0.]
 [0.]
 [0.]
 [0.]
 [0.]
 [1.]
 [0.]
 [0.]
 [0.]
 [1.]
 [0.]
 [1.]
 [1.]
 [1.]
 [1.]
 [0.]
 [1.]
 [1.]
 [0.]
 [0.]
 [0.]
 [0.]
 [0.]
 [0.]
 [0.]
 [1.]
 [1.]
 [0.]
 [1.]
 [0.]
 [0.]
 [1.]
 [0.]
 [1.]
 [0.]
 [0.]
 [0.]
 [0.]
 [0.]
 [1.]
 [0.]
 [1.]
 [0.]
 [1.]
 [0.]
 [1.]
 [1.]
 [0.]
 [0.]
 [0.]
 [0.]
 [1.]
 [1.]
 [0.]
 [0.]
 [0.]
 [1.]
 [0.]
 [1.]
 [1.]
 [0.]
 [0.]
 [1.]
 [0.]
 [0.]
 [1.]
 [1.]
 [0.]
 [0.]
 [1.]
 [0.]
 [0.]
 [1.]
 [0.]
 [0.]
 [0.]
 [0.]
 [0.]
 [0.]
 [0.]
 [1.]
 [1.]
 [1.]
 [0.]
 [0.]
 [0.]
 [0.]
 [0.]
 [0.]
 [1.]
 [1.]
 [0.]
 [0.]
 [1.]
 [0.]
 [0.]
 [1.]
 [0.]
 [1.]
 [1.]
 [1.]
 [0.]
 [0.]
 [1.]
 [1.]
 [1.]
 [0.]
 [1.]
 [0.]
 [1.]
 [0.]
 [1.]
 [0.]
 [0.]
 [0.]
 [0.]
 [1.]
 [0.]]

Current Hidden Layer :9

Iteration 0: | Error:0.6417611396251094
Iteration 10000: | Error:0.3788987319924592
Iteration 20000: | Error:0.3788987319924592
Iteration 30000: | Error:0.3788987319924592
Iteration 40000: | Error:0.3788987319924592
Iteration 50000: | Error:0.3788987319924592
Iteration 60000: | Error:0.3788987319924592
Iteration 70000: | Error:0.3788987319924592
Iteration 80000: | Error:0.3788987319924592
Iteration 90000: | Error:0.3788987319924592

L2 Output after training:
[[ 0.58942619]
 [ 0.17039411]
 [ 0.64244843]
 [ 0.12738449]
 [ 0.78737669]
 [ 0.25795213]
 [ 0.25451061]
 [ 0.76199753]
 [ 0.69963603]
 [ 0.21407937]
 [ 0.17915703]
 [ 0.62862604]
 [ 0.65037534]
 [ 0.77213521]
 [ 0.60584119]
 [ 0.69176234]
 [ 0.30699996]
 [ 0.28528953]
 [ 0.50583932]
 [ 0.32177547]
 [ 0.32375323]
 [ 0.34939645]
 [ 0.62786712]
 [ 0.3291469 ]
 [ 0.51443226]
 [ 0.482646  ]
 [ 0.51769555]
 [ 0.17154906]
 [ 0.56860544]
 [ 0.256214  ]
 [ 0.46674283]
 [ 0.48453043]
 [ 0.18960848]
 [ 0.05404222]
 [ 0.45990522]
 [ 0.3887461 ]
 [ 0.49711165]
 [ 0.43382452]
 [ 0.24914932]
 [ 0.57453339]
 [ 0.5499462 ]
 [ 0.4480998 ]
 [ 0.23883048]
 [ 0.60393635]
 [ 0.55893096]
 [ 0.70389037]
 [ 0.45426399]
 [ 0.10302522]
 [ 0.3821771 ]
 [ 0.51313814]
 [ 0.09454213]
 [ 0.2933634 ]
 [ 0.22296936]
 [ 0.65983142]
 [ 0.64519693]
 [ 0.13113766]
 [ 0.71982621]
 [ 0.26947018]
 [ 0.55161479]
 [ 0.25778029]
 [ 0.34996951]
 [ 0.45741654]
 [ 0.13685934]
 [ 0.4347122 ]
 [ 0.42040671]
 [ 0.23538918]
 [ 0.23647266]
 [ 0.35360238]
 [ 0.13827204]
 [ 0.30688809]
 [ 0.31065896]
 [ 0.43455639]
 [ 0.50730866]
 [ 0.26349382]
 [ 0.08844207]
 [-0.10958002]
 [ 0.18141751]
 [ 0.26948087]
 [ 0.7054309 ]
 [ 0.23202578]
 [ 0.32582157]
 [ 0.29765021]
 [ 0.27283118]
 [ 0.15246391]
 [ 0.29163537]
 [ 0.2833955 ]
 [ 0.49661396]
 [ 0.25856445]
 [ 0.63028112]
 [ 0.17889998]
 [ 0.10740099]
 [ 0.32740523]
 [ 0.32470843]
 [ 0.45886924]
 [ 0.28694478]
 [ 0.49977677]
 [ 0.19730799]
 [ 0.14390981]
 [ 0.33676191]
 [ 0.29840034]
 [ 0.56091524]
 [ 0.35877868]
 [ 0.04548578]
 [ 0.08111128]
 [ 0.28210389]
 [ 0.38918542]
 [-0.15997585]
 [ 0.50926164]
 [ 0.24421594]
 [ 0.09411494]
 [ 0.46210735]
 [ 0.69858503]
 [ 0.10119712]
 [ 0.20287803]
 [ 0.68274366]
 [ 0.46046215]
 [ 0.36491139]
 [ 0.32760011]
 [ 0.26218384]
 [ 0.13075836]
 [ 0.52930458]
 [ 0.34427628]
 [ 0.22653985]
 [ 0.47024896]
 [ 0.17250428]
 [ 0.51079541]
 [ 0.39243354]
 [ 0.32202154]
 [ 0.25575164]
 [ 0.3107462 ]
 [ 0.53210453]
 [ 0.5849735 ]
 [ 0.56004947]
 [ 0.33306646]
 [ 0.19223744]
 [ 0.36811943]
 [ 0.18713661]
 [ 0.20663796]
 [ 0.27185607]
 [ 0.30120156]
 [ 0.35322756]
 [ 0.30414006]
 [ 0.32568402]
 [ 0.44395844]
 [ 0.47671739]
 [ 0.01735949]
 [ 0.16819905]
 [ 0.42589297]
 [ 0.55032987]
 [ 0.10800394]
 [ 0.35054002]
 [ 0.32549812]
 [ 0.61974312]
 [ 0.42231039]
 [ 0.69251626]
 [ 0.51439308]
 [ 0.28433594]
 [ 0.3215386 ]
 [ 0.10698949]
 [ 0.85706392]
 [ 0.35374653]
 [ 0.38771722]
 [ 0.24433638]
 [ 0.21523836]
 [ 0.25606498]
 [ 0.37662767]
 [ 0.39474707]
 [ 0.38187992]
 [ 0.31873839]
 [ 0.17411296]
 [ 0.23069835]
 [ 0.45357487]
 [ 0.57418015]
 [ 0.26620749]
 [ 0.18811068]
 [ 0.67915494]
 [ 0.24459958]
 [ 0.24858124]
 [ 0.50043768]
 [ 0.44140261]
 [ 0.12420447]
 [ 0.32779139]
 [-0.22217706]
 [ 0.18090852]
 [ 0.39212383]
 [ 0.76564687]
 [ 0.81797256]
 [ 0.2971979 ]
 [ 0.35455648]
 [ 0.35314696]
 [ 0.21230851]
 [ 0.49002   ]
 [ 0.55274525]
 [ 1.02621994]
 [ 0.34941143]
 [ 0.46284511]
 [ 0.19555254]
 [ 0.27577765]
 [ 0.39763123]
 [ 0.47692319]
 [ 0.20231581]
 [ 0.29365766]
 [ 0.27674814]
 [ 0.14987354]
 [ 0.45140757]
 [ 0.26364935]
 [ 0.83018327]
 [ 0.41248001]
 [ 0.20096437]
 [ 0.60217411]
 [ 0.17077105]
 [ 0.32638136]
 [ 0.58747818]
 [ 0.41069183]
 [ 0.36011718]
 [ 0.71341214]
 [ 0.3815439 ]
 [ 0.4158845 ]
 [ 0.294495  ]
 [ 0.40213326]
 [ 0.60884947]
 [ 0.53778331]
 [ 0.73024004]
 [ 0.69529226]
 [ 0.21705847]
 [ 0.08115893]
 [ 0.14693782]
 [ 0.59939779]
 [ 0.89916379]
 [ 0.2212176 ]
 [ 0.36509555]
 [ 0.5180862 ]
 [ 0.05121184]
 [ 0.35617847]
 [ 0.12348368]
 [ 0.54181132]
 [ 0.67241795]
 [ 0.43510591]
 [ 0.54375395]
 [ 0.12364521]
 [ 0.14764392]
 [ 0.21948493]
 [ 0.40079037]
 [ 0.57570284]
 [ 0.40251471]
 [ 0.72415201]
 [ 0.47060295]
 [ 0.44051208]
 [ 0.48010084]
 [ 0.10533545]
 [ 0.50365967]
 [ 0.21060181]
 [ 0.06987422]
 [ 0.15143407]
 [ 0.51632966]
 [ 0.28823806]
 [ 0.38402264]
 [ 0.22685569]
 [ 0.65080893]
 [ 0.75560976]
 [ 0.59289096]
 [ 0.78234053]
 [ 0.25091058]
 [ 0.48107241]
 [ 0.38838972]
 [ 0.38435477]
 [ 0.76514081]
 [ 0.46332438]
 [ 0.19430607]
 [ 0.72166994]
 [ 0.46329771]
 [ 0.21475113]
 [ 0.26845497]
 [ 0.05927743]
 [ 0.51368589]
 [ 0.30146491]
 [ 0.34859801]
 [ 0.21645972]
 [ 0.43417794]
 [ 0.30558609]
 [ 0.37202169]
 [ 0.48652338]
 [ 0.3595265 ]
 [ 0.48020646]
 [ 0.26924079]
 [ 0.52751154]
 [ 0.5189958 ]
 [ 0.32803613]
 [ 0.25415826]
 [ 0.3336128 ]
 [ 0.02384725]
 [ 0.321314  ]
 [ 0.45851529]
 [ 0.49752736]
 [ 0.62501839]
 [ 0.57143499]
 [ 0.4001101 ]
 [ 0.21991338]
 [ 0.48686994]
 [ 0.4920401 ]
 [ 0.86210074]
 [ 0.44872599]
 [ 0.16412479]
 [ 0.24271883]
 [ 0.34921096]
 [ 0.30102348]
 [ 0.63536642]
 [ 0.25196099]
 [ 0.4049178 ]
 [ 0.40523118]
 [ 0.26957038]
 [ 0.26456176]
 [ 0.37909278]
 [ 0.39707291]
 [ 0.45395602]
 [ 0.27953014]
 [ 0.12432033]
 [ 0.493698  ]
 [ 0.33629491]
 [ 0.6453953 ]
 [ 0.43266267]
 [ 0.23072181]
 [ 0.28391005]
 [ 0.55885044]
 [ 0.2059675 ]
 [ 0.33574854]
 [ 0.39389408]
 [ 0.65319108]
 [ 0.17315369]
 [ 0.32271211]
 [ 0.53124089]
 [ 0.21301181]
 [ 0.96552122]
 [ 0.3453908 ]
 [ 0.17181793]
 [ 0.46980325]
 [ 0.76944707]
 [ 0.35117557]
 [ 0.57740535]
 [ 0.58441701]
 [ 0.27388304]
 [ 0.21866007]
 [-0.1502406 ]
 [ 0.28024486]
 [ 0.45022648]
 [ 0.45062156]
 [ 0.46908924]
 [ 0.58321071]
 [ 0.21776278]
 [-0.04836539]
 [ 0.20219943]
 [ 0.29429425]
 [ 0.1245193 ]
 [ 0.19927082]
 [ 0.1903034 ]
 [ 0.53776866]
 [ 0.49566377]
 [ 1.00873074]
 [ 0.43453137]
 [ 0.61849082]
 [ 0.66588377]
 [ 0.60350777]
 [ 0.28462566]
 [ 0.59620972]
 [ 0.4440867 ]
 [ 0.39471957]
 [ 0.33451151]
 [ 0.13326667]
 [ 0.03344033]
 [ 0.23535291]
 [ 0.6803121 ]
 [ 0.26404041]
 [ 0.18002695]
 [ 0.30601321]
 [ 0.48769254]
 [ 0.67395489]
 [ 0.05911115]
 [ 0.24161802]
 [ 0.49690573]
 [ 0.1780603 ]
 [ 0.25813355]
 [ 0.1262897 ]
 [ 0.30096843]
 [ 0.27237633]
 [ 0.24101705]
 [ 0.28205839]
 [ 0.37502726]
 [ 0.29666855]
 [ 0.53153537]
 [ 0.31846807]
 [ 0.32241151]
 [ 0.5170301 ]
 [ 0.30551479]
 [ 0.30964952]
 [ 0.47283412]
 [ 0.50312169]
 [ 0.39563708]
 [ 0.29835191]
 [ 0.10580203]
 [ 0.55776211]
 [ 0.25313028]
 [ 0.5233829 ]
 [ 0.3740954 ]
 [ 0.22668955]
 [ 0.57359141]
 [ 0.49425894]
 [ 0.36015457]
 [ 0.16881493]
 [ 0.73904639]
 [ 0.60724667]
 [ 0.24290485]
 [ 0.27122638]
 [ 0.40291541]
 [ 0.2725027 ]
 [ 0.39678077]
 [ 0.43336746]
 [ 0.23906998]
 [ 0.44334916]
 [ 0.11159043]
 [ 0.3436875 ]
 [ 0.26684679]
 [ 0.17880004]
 [ 0.2715246 ]
 [ 0.27840392]
 [ 0.5741076 ]
 [ 0.55914142]
 [ 0.36887439]
 [ 0.5958578 ]
 [ 0.23045378]
 [ 0.21146364]
 [ 0.49383141]
 [ 0.24320583]
 [ 0.09767844]
 [ 0.28005559]
 [ 0.267126  ]
 [ 0.74405626]
 [ 0.51376581]
 [ 0.39729537]
 [ 0.07657702]
 [ 0.27925814]
 [ 0.40637038]
 [ 0.17800784]
 [ 0.32968136]
 [ 0.41493429]
 [ 0.35489887]
 [ 0.78812793]
 [ 0.20068179]
 [ 0.14760793]
 [ 0.24757111]
 [ 0.22167903]
 [ 0.11358978]
 [ 0.31697645]
 [ 0.2164978 ]
 [ 0.86230822]
 [ 0.34371891]
 [ 0.75452036]
 [ 0.58188058]
 [ 0.21203894]
 [ 0.66872914]
 [ 0.67008912]
 [ 0.47641319]
 [ 0.0912055 ]
 [ 0.33940971]
 [ 0.19952346]
 [ 0.30022174]
 [ 0.28748809]
 [ 0.14032683]
 [ 0.26349688]
 [ 0.77291064]
 [ 0.53247817]
 [ 0.37799199]
 [ 0.28907222]
 [ 0.27811983]
 [ 0.38740459]
 [ 0.26870717]
 [ 0.3629426 ]
 [ 0.26137997]
 [ 0.30944046]
 [ 0.39913195]
 [ 0.4388166 ]
 [ 0.51573028]
 [ 0.18748172]
 [ 0.24505913]
 [ 0.07721191]
 [ 0.82194241]
 [ 0.3827921 ]
 [ 0.45497064]
 [ 0.72527424]
 [ 0.20199542]
 [ 0.76016979]
 [ 0.23164965]
 [ 0.14790985]
 [ 0.27365978]
 [ 0.49997973]
 [ 0.34155184]
 [ 0.63491588]
 [ 0.2809516 ]
 [ 0.14655476]
 [ 0.72269713]
 [ 0.56136412]
 [ 0.11047841]
 [ 0.19161072]
 [ 0.08627813]
 [ 0.42623118]
 [ 0.25857205]
 [ 0.22574006]
 [ 0.42503013]
 [ 0.36788065]
 [ 0.30746298]
 [ 0.47598505]
 [ 0.37980563]
 [ 0.29096715]
 [ 0.38825096]
 [ 0.19492486]
 [ 0.25631838]
 [ 0.45486083]
 [ 0.56173225]
 [ 0.42089065]
 [ 0.39594571]
 [ 0.41087508]
 [ 0.05583494]
 [ 0.27372932]
 [ 0.5267013 ]
 [ 0.5484251 ]
 [ 0.34002218]
 [ 0.17554517]
 [ 0.13225965]
 [ 0.20569951]
 [ 0.27273917]
 [ 0.26376302]
 [ 0.36158485]
 [ 0.25589809]
 [ 0.30792324]
 [ 0.64128631]
 [ 0.29552929]
 [ 0.71049771]
 [ 0.15164007]
 [ 0.26576763]
 [ 0.30018607]
 [ 0.3500533 ]
 [ 0.45269959]
 [ 0.35865716]
 [ 0.42971062]
 [ 0.09370726]
 [ 0.13792314]
 [ 0.59041571]
 [ 0.80392204]
 [ 0.36843144]
 [ 0.48969105]
 [ 0.41732332]
 [ 0.1978998 ]
 [ 0.21523012]
 [ 0.37577149]
 [ 0.18821914]
 [ 0.22869115]
 [ 0.39375286]
 [ 0.22997062]
 [ 0.41757572]
 [ 0.49619556]
 [ 0.29410887]
 [ 0.43666489]
 [ 0.64145057]
 [ 0.19684837]
 [ 0.34793436]
 [ 0.12323207]
 [ 0.28235297]
 [ 0.20369477]
 [ 0.36789535]
 [ 0.48227054]
 [ 0.321799  ]
 [ 0.19788548]
 [ 0.09418584]
 [ 0.3180741 ]
 [ 0.24409432]
 [ 0.32423685]
 [ 0.42574579]
 [ 0.50610678]
 [ 0.27843995]
 [ 0.46478258]
 [ 0.79683459]
 [ 0.29208556]
 [ 0.31931107]
 [ 0.52818423]
 [ 0.35212614]
 [ 0.53896766]
 [ 0.19024318]
 [ 0.52845684]
 [ 0.26486356]
 [ 0.63861131]
 [ 0.40206769]
 [ 0.54141401]
 [ 0.24056176]
 [ 0.38059511]
 [ 0.38086609]
 [ 0.45588167]
 [ 0.45450661]
 [ 0.16597699]
 [ 0.38922349]
 [ 0.47597363]
 [ 0.37483891]
 [ 0.10263777]
 [ 0.58275161]
 [ 0.24110659]
 [ 0.61760364]
 [ 0.920809  ]
 [ 0.35427602]
 [ 0.58484206]
 [ 0.1703151 ]
 [ 0.36724128]
 [ 0.21477484]
 [ 0.3257709 ]
 [ 0.64466941]
 [ 0.60264169]
 [ 0.30044891]
 [ 0.6274192 ]
 [ 0.19096166]
 [ 0.16726376]
 [ 0.06298457]
 [ 0.49486296]
 [ 0.58975192]
 [ 0.21707301]
 [ 0.27260906]
 [ 0.67844141]
 [ 0.20226182]
 [ 0.21567916]
 [ 0.16855055]
 [ 0.20082017]
 [ 0.22736484]
 [ 0.37424433]
 [ 0.17130629]
 [ 0.41966723]
 [ 0.15203505]
 [ 0.25601164]
 [ 0.17738277]
 [ 0.31575788]
 [ 0.43889819]
 [ 0.31050906]
 [ 0.17991308]
 [ 0.38282766]
 [ 0.10641494]
 [ 0.13927787]
 [ 0.32973898]
 [ 0.45978638]
 [ 0.61123265]
 [ 0.26790375]
 [ 0.45641301]
 [ 0.42435004]
 [ 0.60596102]
 [ 0.46331726]
 [ 0.20106927]
 [ 0.20374707]
 [ 0.34619123]
 [ 0.34212487]
 [ 0.35390037]
 [ 0.2005978 ]
 [ 0.55545245]
 [ 0.20704414]
 [ 0.43070247]
 [ 0.37406191]
 [ 0.2197794 ]
 [ 0.56196358]
 [ 0.66942992]
 [ 0.45716642]
 [ 0.5672285 ]
 [ 0.45169038]
 [ 0.19531532]
 [ 0.53450085]
 [ 0.39837763]
 [ 0.4474304 ]
 [ 0.54084118]
 [ 0.67299349]
 [ 0.22332664]
 [ 0.13975124]
 [ 0.3248821 ]
 [ 0.43966876]
 [ 0.61550071]
 [ 0.50208796]
 [ 0.20565158]
 [ 0.38086882]
 [ 0.27554505]
 [ 0.08397534]
 [ 0.45965085]
 [ 0.25469527]
 [ 0.29533485]
 [ 0.39850849]
 [ 0.33653513]
 [ 0.29401722]
 [ 0.30982565]
 [ 0.33272469]
 [ 0.4696884 ]
 [ 0.32409101]
 [ 0.45934499]
 [ 0.37562455]
 [ 0.54228245]
 [ 0.16262992]
 [ 0.40904405]
 [ 0.46235694]
 [ 0.48777532]
 [ 0.29520952]
 [ 0.41634798]
 [ 0.30678389]
 [ 0.43512246]
 [ 0.54180788]
 [ 0.78125084]
 [ 0.2157795 ]
 [ 0.18338591]
 [ 0.6169306 ]
 [ 0.43299907]
 [ 0.56377764]
 [ 0.28549761]
 [ 0.46708633]
 [ 0.37630583]
 [ 0.59533207]
 [ 0.33692493]
 [ 0.19757166]
 [ 0.83106408]
 [ 0.56136507]
 [ 0.42828737]
 [ 0.317212  ]
 [ 0.36168164]
 [ 0.11899524]
 [ 0.28711853]
 [ 0.45692273]
 [ 0.34101215]
 [ 0.1836036 ]
 [ 0.33034722]
 [ 0.25711857]
 [ 0.24706022]
 [ 0.30809201]
 [ 0.22384136]
 [ 0.31565738]
 [ 0.2336292 ]
 [ 0.47236817]
 [ 0.29927484]
 [ 0.30586503]
 [ 0.30360946]
 [ 0.17233797]
 [ 0.27401178]
 [ 0.28176918]
 [ 0.27982865]
 [ 0.58083002]
 [ 0.38199301]
 [ 0.25233118]
 [ 0.45592847]
 [ 0.67476731]
 [ 0.40073232]
 [ 0.32955628]
 [ 0.29856123]
 [ 0.62215706]
 [ 0.58566583]
 [ 0.42922862]
 [ 0.2747058 ]
 [ 0.25569724]
 [ 0.45218777]
 [ 0.55768563]
 [ 0.36472886]
 [ 0.38615373]
 [ 0.37819211]
 [ 0.18775736]
 [ 0.66056151]
 [ 0.24952593]
 [ 0.69008642]
 [ 0.28120649]
 [ 0.48818444]
 [ 0.320225  ]
 [ 0.31087888]
 [ 0.42602343]
 [ 0.15367824]]

Y Output
[[1.]
 [0.]
 [1.]
 [0.]
 [1.]
 [0.]
 [1.]
 [0.]
 [1.]
 [1.]
 [0.]
 [1.]
 [0.]
 [1.]
 [1.]
 [1.]
 [1.]
 [1.]
 [0.]
 [1.]
 [0.]
 [0.]
 [1.]
 [1.]
 [1.]
 [1.]
 [1.]
 [0.]
 [0.]
 [0.]
 [0.]
 [1.]
 [0.]
 [0.]
 [0.]
 [0.]
 [0.]
 [1.]
 [1.]
 [1.]
 [0.]
 [0.]
 [0.]
 [1.]
 [0.]
 [1.]
 [0.]
 [0.]
 [1.]
 [0.]
 [0.]
 [0.]
 [0.]
 [1.]
 [0.]
 [0.]
 [1.]
 [0.]
 [0.]
 [0.]
 [0.]
 [1.]
 [0.]
 [0.]
 [1.]
 [0.]
 [1.]
 [0.]
 [0.]
 [0.]
 [1.]
 [0.]
 [1.]
 [0.]
 [0.]
 [0.]
 [0.]
 [0.]
 [1.]
 [0.]
 [0.]
 [0.]
 [0.]
 [0.]
 [1.]
 [0.]
 [0.]
 [0.]
 [1.]
 [0.]
 [0.]
 [0.]
 [0.]
 [1.]
 [0.]
 [0.]
 [0.]
 [0.]
 [0.]
 [1.]
 [1.]
 [0.]
 [0.]
 [0.]
 [0.]
 [0.]
 [0.]
 [0.]
 [0.]
 [1.]
 [1.]
 [1.]
 [0.]
 [0.]
 [1.]
 [1.]
 [1.]
 [0.]
 [0.]
 [0.]
 [1.]
 [0.]
 [0.]
 [0.]
 [1.]
 [1.]
 [0.]
 [0.]
 [1.]
 [1.]
 [1.]
 [1.]
 [1.]
 [0.]
 [0.]
 [0.]
 [0.]
 [0.]
 [0.]
 [0.]
 [0.]
 [0.]
 [0.]
 [1.]
 [0.]
 [0.]
 [0.]
 [0.]
 [0.]
 [0.]
 [0.]
 [0.]
 [1.]
 [0.]
 [1.]
 [1.]
 [0.]
 [0.]
 [0.]
 [1.]
 [0.]
 [0.]
 [0.]
 [0.]
 [1.]
 [1.]
 [0.]
 [0.]
 [0.]
 [0.]
 [1.]
 [1.]
 [0.]
 [0.]
 [0.]
 [1.]
 [0.]
 [1.]
 [0.]
 [1.]
 [0.]
 [0.]
 [0.]
 [0.]
 [0.]
 [1.]
 [1.]
 [1.]
 [1.]
 [1.]
 [0.]
 [0.]
 [1.]
 [1.]
 [0.]
 [1.]
 [0.]
 [1.]
 [1.]
 [1.]
 [0.]
 [0.]
 [0.]
 [0.]
 [0.]
 [0.]
 [1.]
 [1.]
 [0.]
 [1.]
 [0.]
 [0.]
 [0.]
 [1.]
 [1.]
 [1.]
 [1.]
 [0.]
 [1.]
 [1.]
 [1.]
 [1.]
 [0.]
 [0.]
 [0.]
 [0.]
 [0.]
 [1.]
 [0.]
 [0.]
 [1.]
 [1.]
 [0.]
 [0.]
 [0.]
 [1.]
 [1.]
 [1.]
 [1.]
 [0.]
 [0.]
 [0.]
 [1.]
 [1.]
 [0.]
 [1.]
 [0.]
 [0.]
 [0.]
 [0.]
 [0.]
 [0.]
 [0.]
 [0.]
 [1.]
 [1.]
 [0.]
 [0.]
 [0.]
 [1.]
 [0.]
 [1.]
 [0.]
 [0.]
 [1.]
 [0.]
 [1.]
 [0.]
 [0.]
 [1.]
 [1.]
 [0.]
 [0.]
 [0.]
 [0.]
 [0.]
 [1.]
 [0.]
 [0.]
 [0.]
 [1.]
 [0.]
 [0.]
 [1.]
 [1.]
 [0.]
 [0.]
 [1.]
 [0.]
 [0.]
 [0.]
 [1.]
 [1.]
 [1.]
 [0.]
 [0.]
 [1.]
 [0.]
 [1.]
 [0.]
 [1.]
 [1.]
 [0.]
 [1.]
 [0.]
 [0.]
 [1.]
 [0.]
 [1.]
 [1.]
 [0.]
 [0.]
 [1.]
 [0.]
 [1.]
 [0.]
 [0.]
 [1.]
 [0.]
 [1.]
 [0.]
 [1.]
 [1.]
 [1.]
 [0.]
 [0.]
 [1.]
 [0.]
 [1.]
 [0.]
 [0.]
 [0.]
 [1.]
 [0.]
 [0.]
 [0.]
 [0.]
 [1.]
 [1.]
 [1.]
 [0.]
 [0.]
 [0.]
 [0.]
 [0.]
 [0.]
 [0.]
 [0.]
 [0.]
 [1.]
 [0.]
 [0.]
 [0.]
 [0.]
 [0.]
 [1.]
 [1.]
 [1.]
 [0.]
 [1.]
 [1.]
 [0.]
 [0.]
 [1.]
 [0.]
 [0.]
 [1.]
 [0.]
 [0.]
 [1.]
 [1.]
 [0.]
 [0.]
 [0.]
 [0.]
 [1.]
 [0.]
 [0.]
 [1.]
 [0.]
 [0.]
 [0.]
 [0.]
 [0.]
 [0.]
 [0.]
 [1.]
 [1.]
 [1.]
 [0.]
 [0.]
 [1.]
 [0.]
 [0.]
 [1.]
 [0.]
 [0.]
 [1.]
 [0.]
 [1.]
 [1.]
 [0.]
 [1.]
 [0.]
 [1.]
 [0.]
 [1.]
 [0.]
 [1.]
 [1.]
 [0.]
 [0.]
 [0.]
 [0.]
 [1.]
 [1.]
 [0.]
 [1.]
 [0.]
 [1.]
 [0.]
 [0.]
 [0.]
 [0.]
 [1.]
 [1.]
 [0.]
 [1.]
 [0.]
 [1.]
 [0.]
 [0.]
 [0.]
 [0.]
 [0.]
 [1.]
 [0.]
 [0.]
 [0.]
 [0.]
 [1.]
 [0.]
 [0.]
 [1.]
 [1.]
 [1.]
 [0.]
 [0.]
 [1.]
 [0.]
 [0.]
 [1.]
 [0.]
 [0.]
 [0.]
 [1.]
 [0.]
 [0.]
 [1.]
 [0.]
 [0.]
 [0.]
 [0.]
 [0.]
 [0.]
 [0.]
 [0.]
 [0.]
 [1.]
 [0.]
 [0.]
 [0.]
 [0.]
 [0.]
 [0.]
 [0.]
 [1.]
 [0.]
 [0.]
 [0.]
 [1.]
 [0.]
 [0.]
 [0.]
 [1.]
 [1.]
 [0.]
 [0.]
 [0.]
 [0.]
 [0.]
 [0.]
 [0.]
 [1.]
 [0.]
 [0.]
 [0.]
 [0.]
 [1.]
 [0.]
 [0.]
 [0.]
 [1.]
 [0.]
 [0.]
 [0.]
 [1.]
 [0.]
 [0.]
 [0.]
 [1.]
 [0.]
 [0.]
 [0.]
 [0.]
 [1.]
 [1.]
 [0.]
 [0.]
 [0.]
 [0.]
 [0.]
 [0.]
 [1.]
 [0.]
 [0.]
 [0.]
 [0.]
 [0.]
 [0.]
 [0.]
 [0.]
 [0.]
 [0.]
 [0.]
 [1.]
 [0.]
 [0.]
 [0.]
 [1.]
 [1.]
 [1.]
 [1.]
 [0.]
 [0.]
 [1.]
 [1.]
 [0.]
 [0.]
 [0.]
 [0.]
 [0.]
 [0.]
 [0.]
 [0.]
 [0.]
 [0.]
 [0.]
 [0.]
 [0.]
 [1.]
 [1.]
 [0.]
 [0.]
 [0.]
 [0.]
 [0.]
 [0.]
 [0.]
 [1.]
 [0.]
 [0.]
 [0.]
 [0.]
 [0.]
 [0.]
 [0.]
 [1.]
 [0.]
 [1.]
 [1.]
 [0.]
 [0.]
 [0.]
 [1.]
 [0.]
 [1.]
 [0.]
 [1.]
 [0.]
 [1.]
 [0.]
 [1.]
 [0.]
 [0.]
 [1.]
 [0.]
 [0.]
 [1.]
 [0.]
 [0.]
 [0.]
 [0.]
 [1.]
 [1.]
 [0.]
 [1.]
 [0.]
 [0.]
 [0.]
 [0.]
 [1.]
 [1.]
 [0.]
 [1.]
 [0.]
 [0.]
 [0.]
 [1.]
 [1.]
 [0.]
 [0.]
 [0.]
 [0.]
 [0.]
 [0.]
 [0.]
 [0.]
 [0.]
 [0.]
 [1.]
 [0.]
 [0.]
 [0.]
 [0.]
 [1.]
 [0.]
 [0.]
 [1.]
 [0.]
 [0.]
 [0.]
 [1.]
 [0.]
 [0.]
 [0.]
 [1.]
 [1.]
 [1.]
 [0.]
 [0.]
 [0.]
 [0.]
 [0.]
 [0.]
 [1.]
 [0.]
 [0.]
 [0.]
 [1.]
 [0.]
 [1.]
 [1.]
 [1.]
 [1.]
 [0.]
 [1.]
 [1.]
 [0.]
 [0.]
 [0.]
 [0.]
 [0.]
 [0.]
 [0.]
 [1.]
 [1.]
 [0.]
 [1.]
 [0.]
 [0.]
 [1.]
 [0.]
 [1.]
 [0.]
 [0.]
 [0.]
 [0.]
 [0.]
 [1.]
 [0.]
 [1.]
 [0.]
 [1.]
 [0.]
 [1.]
 [1.]
 [0.]
 [0.]
 [0.]
 [0.]
 [1.]
 [1.]
 [0.]
 [0.]
 [0.]
 [1.]
 [0.]
 [1.]
 [1.]
 [0.]
 [0.]
 [1.]
 [0.]
 [0.]
 [1.]
 [1.]
 [0.]
 [0.]
 [1.]
 [0.]
 [0.]
 [1.]
 [0.]
 [0.]
 [0.]
 [0.]
 [0.]
 [0.]
 [0.]
 [1.]
 [1.]
 [1.]
 [0.]
 [0.]
 [0.]
 [0.]
 [0.]
 [0.]
 [1.]
 [1.]
 [0.]
 [0.]
 [1.]
 [0.]
 [0.]
 [1.]
 [0.]
 [1.]
 [1.]
 [1.]
 [0.]
 [0.]
 [1.]
 [1.]
 [1.]
 [0.]
 [1.]
 [0.]
 [1.]
 [0.]
 [1.]
 [0.]
 [0.]
 [0.]
 [0.]
 [1.]
 [0.]]

Current Hidden Layer :10

Iteration 0: | Error:0.890694460849789
Iteration 10000: | Error:0.37889957626165155
Iteration 20000: | Error:0.37889873469638147
Iteration 30000: | Error:0.3788987320010788
Iteration 40000: | Error:0.3788987319924851
Iteration 50000: | Error:0.37889873199245816
Iteration 60000: | Error:0.3788987319924581
Iteration 70000: | Error:0.3788987319924583
Iteration 80000: | Error:0.3788987319924584
Iteration 90000: | Error:0.3788987319924584

L2 Output after training:
[[ 0.58942619]
 [ 0.17039411]
 [ 0.64244843]
 [ 0.12738449]
 [ 0.78737669]
 [ 0.25795213]
 [ 0.25451061]
 [ 0.76199753]
 [ 0.69963603]
 [ 0.21407937]
 [ 0.17915703]
 [ 0.62862604]
 [ 0.65037534]
 [ 0.77213521]
 [ 0.60584119]
 [ 0.69176234]
 [ 0.30699996]
 [ 0.28528953]
 [ 0.50583932]
 [ 0.32177547]
 [ 0.32375323]
 [ 0.34939645]
 [ 0.62786712]
 [ 0.3291469 ]
 [ 0.51443226]
 [ 0.482646  ]
 [ 0.51769555]
 [ 0.17154906]
 [ 0.56860544]
 [ 0.256214  ]
 [ 0.46674283]
 [ 0.48453043]
 [ 0.18960848]
 [ 0.05404222]
 [ 0.45990522]
 [ 0.3887461 ]
 [ 0.49711165]
 [ 0.43382452]
 [ 0.24914932]
 [ 0.57453339]
 [ 0.5499462 ]
 [ 0.4480998 ]
 [ 0.23883048]
 [ 0.60393635]
 [ 0.55893096]
 [ 0.70389037]
 [ 0.45426399]
 [ 0.10302522]
 [ 0.3821771 ]
 [ 0.51313814]
 [ 0.09454213]
 [ 0.2933634 ]
 [ 0.22296936]
 [ 0.65983142]
 [ 0.64519693]
 [ 0.13113766]
 [ 0.71982621]
 [ 0.26947018]
 [ 0.55161479]
 [ 0.25778029]
 [ 0.34996951]
 [ 0.45741654]
 [ 0.13685934]
 [ 0.4347122 ]
 [ 0.42040671]
 [ 0.23538918]
 [ 0.23647266]
 [ 0.35360238]
 [ 0.13827204]
 [ 0.30688809]
 [ 0.31065896]
 [ 0.43455639]
 [ 0.50730866]
 [ 0.26349382]
 [ 0.08844207]
 [-0.10958002]
 [ 0.18141751]
 [ 0.26948087]
 [ 0.7054309 ]
 [ 0.23202578]
 [ 0.32582157]
 [ 0.29765021]
 [ 0.27283118]
 [ 0.15246391]
 [ 0.29163537]
 [ 0.2833955 ]
 [ 0.49661396]
 [ 0.25856445]
 [ 0.63028112]
 [ 0.17889998]
 [ 0.10740099]
 [ 0.32740523]
 [ 0.32470843]
 [ 0.45886924]
 [ 0.28694478]
 [ 0.49977677]
 [ 0.19730799]
 [ 0.14390981]
 [ 0.33676191]
 [ 0.29840034]
 [ 0.56091524]
 [ 0.35877868]
 [ 0.04548578]
 [ 0.08111128]
 [ 0.28210389]
 [ 0.38918542]
 [-0.15997585]
 [ 0.50926164]
 [ 0.24421594]
 [ 0.09411494]
 [ 0.46210735]
 [ 0.69858503]
 [ 0.10119712]
 [ 0.20287803]
 [ 0.68274366]
 [ 0.46046215]
 [ 0.36491139]
 [ 0.32760011]
 [ 0.26218384]
 [ 0.13075836]
 [ 0.52930458]
 [ 0.34427628]
 [ 0.22653985]
 [ 0.47024896]
 [ 0.17250428]
 [ 0.51079541]
 [ 0.39243354]
 [ 0.32202154]
 [ 0.25575164]
 [ 0.3107462 ]
 [ 0.53210453]
 [ 0.5849735 ]
 [ 0.56004947]
 [ 0.33306646]
 [ 0.19223744]
 [ 0.36811943]
 [ 0.18713661]
 [ 0.20663796]
 [ 0.27185607]
 [ 0.30120156]
 [ 0.35322756]
 [ 0.30414006]
 [ 0.32568402]
 [ 0.44395844]
 [ 0.47671739]
 [ 0.01735949]
 [ 0.16819905]
 [ 0.42589297]
 [ 0.55032987]
 [ 0.10800394]
 [ 0.35054002]
 [ 0.32549812]
 [ 0.61974312]
 [ 0.42231039]
 [ 0.69251626]
 [ 0.51439308]
 [ 0.28433594]
 [ 0.3215386 ]
 [ 0.10698949]
 [ 0.85706392]
 [ 0.35374653]
 [ 0.38771722]
 [ 0.24433638]
 [ 0.21523836]
 [ 0.25606498]
 [ 0.37662767]
 [ 0.39474707]
 [ 0.38187992]
 [ 0.31873839]
 [ 0.17411296]
 [ 0.23069835]
 [ 0.45357487]
 [ 0.57418015]
 [ 0.26620749]
 [ 0.18811068]
 [ 0.67915494]
 [ 0.24459958]
 [ 0.24858124]
 [ 0.50043768]
 [ 0.44140261]
 [ 0.12420447]
 [ 0.32779139]
 [-0.22217706]
 [ 0.18090852]
 [ 0.39212383]
 [ 0.76564687]
 [ 0.81797256]
 [ 0.2971979 ]
 [ 0.35455648]
 [ 0.35314696]
 [ 0.21230851]
 [ 0.49002   ]
 [ 0.55274525]
 [ 1.02621994]
 [ 0.34941143]
 [ 0.46284511]
 [ 0.19555254]
 [ 0.27577765]
 [ 0.39763123]
 [ 0.47692319]
 [ 0.20231581]
 [ 0.29365766]
 [ 0.27674814]
 [ 0.14987354]
 [ 0.45140757]
 [ 0.26364935]
 [ 0.83018327]
 [ 0.41248001]
 [ 0.20096437]
 [ 0.60217411]
 [ 0.17077105]
 [ 0.32638136]
 [ 0.58747818]
 [ 0.41069183]
 [ 0.36011718]
 [ 0.71341214]
 [ 0.3815439 ]
 [ 0.4158845 ]
 [ 0.294495  ]
 [ 0.40213326]
 [ 0.60884947]
 [ 0.53778331]
 [ 0.73024004]
 [ 0.69529226]
 [ 0.21705847]
 [ 0.08115893]
 [ 0.14693782]
 [ 0.59939779]
 [ 0.89916379]
 [ 0.2212176 ]
 [ 0.36509555]
 [ 0.5180862 ]
 [ 0.05121184]
 [ 0.35617847]
 [ 0.12348368]
 [ 0.54181132]
 [ 0.67241795]
 [ 0.43510591]
 [ 0.54375395]
 [ 0.12364521]
 [ 0.14764392]
 [ 0.21948493]
 [ 0.40079037]
 [ 0.57570284]
 [ 0.40251471]
 [ 0.72415201]
 [ 0.47060295]
 [ 0.44051208]
 [ 0.48010084]
 [ 0.10533545]
 [ 0.50365967]
 [ 0.21060181]
 [ 0.06987422]
 [ 0.15143407]
 [ 0.51632966]
 [ 0.28823806]
 [ 0.38402264]
 [ 0.22685569]
 [ 0.65080893]
 [ 0.75560976]
 [ 0.59289096]
 [ 0.78234053]
 [ 0.25091058]
 [ 0.48107241]
 [ 0.38838972]
 [ 0.38435477]
 [ 0.76514081]
 [ 0.46332438]
 [ 0.19430607]
 [ 0.72166994]
 [ 0.46329771]
 [ 0.21475113]
 [ 0.26845497]
 [ 0.05927743]
 [ 0.51368589]
 [ 0.30146491]
 [ 0.34859801]
 [ 0.21645972]
 [ 0.43417794]
 [ 0.30558609]
 [ 0.37202169]
 [ 0.48652338]
 [ 0.3595265 ]
 [ 0.48020646]
 [ 0.26924079]
 [ 0.52751154]
 [ 0.5189958 ]
 [ 0.32803613]
 [ 0.25415826]
 [ 0.3336128 ]
 [ 0.02384725]
 [ 0.321314  ]
 [ 0.45851529]
 [ 0.49752736]
 [ 0.62501839]
 [ 0.57143499]
 [ 0.4001101 ]
 [ 0.21991338]
 [ 0.48686994]
 [ 0.4920401 ]
 [ 0.86210074]
 [ 0.44872599]
 [ 0.16412479]
 [ 0.24271883]
 [ 0.34921096]
 [ 0.30102348]
 [ 0.63536642]
 [ 0.25196099]
 [ 0.4049178 ]
 [ 0.40523118]
 [ 0.26957038]
 [ 0.26456176]
 [ 0.37909278]
 [ 0.39707291]
 [ 0.45395602]
 [ 0.27953014]
 [ 0.12432033]
 [ 0.493698  ]
 [ 0.33629491]
 [ 0.6453953 ]
 [ 0.43266267]
 [ 0.23072181]
 [ 0.28391005]
 [ 0.55885044]
 [ 0.2059675 ]
 [ 0.33574854]
 [ 0.39389408]
 [ 0.65319108]
 [ 0.17315369]
 [ 0.32271211]
 [ 0.53124089]
 [ 0.21301181]
 [ 0.96552122]
 [ 0.3453908 ]
 [ 0.17181793]
 [ 0.46980325]
 [ 0.76944707]
 [ 0.35117557]
 [ 0.57740535]
 [ 0.58441701]
 [ 0.27388304]
 [ 0.21866007]
 [-0.1502406 ]
 [ 0.28024486]
 [ 0.45022648]
 [ 0.45062156]
 [ 0.46908924]
 [ 0.58321071]
 [ 0.21776278]
 [-0.04836539]
 [ 0.20219943]
 [ 0.29429425]
 [ 0.1245193 ]
 [ 0.19927082]
 [ 0.1903034 ]
 [ 0.53776866]
 [ 0.49566377]
 [ 1.00873074]
 [ 0.43453137]
 [ 0.61849082]
 [ 0.66588377]
 [ 0.60350777]
 [ 0.28462566]
 [ 0.59620972]
 [ 0.4440867 ]
 [ 0.39471957]
 [ 0.33451151]
 [ 0.13326667]
 [ 0.03344033]
 [ 0.23535291]
 [ 0.6803121 ]
 [ 0.26404041]
 [ 0.18002695]
 [ 0.30601321]
 [ 0.48769254]
 [ 0.67395489]
 [ 0.05911115]
 [ 0.24161802]
 [ 0.49690573]
 [ 0.1780603 ]
 [ 0.25813355]
 [ 0.1262897 ]
 [ 0.30096843]
 [ 0.27237633]
 [ 0.24101705]
 [ 0.28205839]
 [ 0.37502726]
 [ 0.29666855]
 [ 0.53153537]
 [ 0.31846807]
 [ 0.32241151]
 [ 0.5170301 ]
 [ 0.30551479]
 [ 0.30964952]
 [ 0.47283412]
 [ 0.50312169]
 [ 0.39563708]
 [ 0.29835191]
 [ 0.10580203]
 [ 0.55776211]
 [ 0.25313028]
 [ 0.5233829 ]
 [ 0.3740954 ]
 [ 0.22668955]
 [ 0.57359141]
 [ 0.49425894]
 [ 0.36015457]
 [ 0.16881493]
 [ 0.73904639]
 [ 0.60724667]
 [ 0.24290485]
 [ 0.27122638]
 [ 0.40291541]
 [ 0.2725027 ]
 [ 0.39678077]
 [ 0.43336746]
 [ 0.23906998]
 [ 0.44334916]
 [ 0.11159043]
 [ 0.3436875 ]
 [ 0.26684679]
 [ 0.17880004]
 [ 0.2715246 ]
 [ 0.27840392]
 [ 0.5741076 ]
 [ 0.55914142]
 [ 0.36887439]
 [ 0.5958578 ]
 [ 0.23045378]
 [ 0.21146364]
 [ 0.49383141]
 [ 0.24320583]
 [ 0.09767844]
 [ 0.28005559]
 [ 0.267126  ]
 [ 0.74405626]
 [ 0.51376581]
 [ 0.39729537]
 [ 0.07657702]
 [ 0.27925814]
 [ 0.40637038]
 [ 0.17800784]
 [ 0.32968136]
 [ 0.41493429]
 [ 0.35489887]
 [ 0.78812793]
 [ 0.20068179]
 [ 0.14760793]
 [ 0.24757111]
 [ 0.22167903]
 [ 0.11358978]
 [ 0.31697645]
 [ 0.2164978 ]
 [ 0.86230822]
 [ 0.34371891]
 [ 0.75452036]
 [ 0.58188058]
 [ 0.21203894]
 [ 0.66872914]
 [ 0.67008912]
 [ 0.47641319]
 [ 0.0912055 ]
 [ 0.33940971]
 [ 0.19952346]
 [ 0.30022174]
 [ 0.28748809]
 [ 0.14032683]
 [ 0.26349688]
 [ 0.77291064]
 [ 0.53247817]
 [ 0.37799199]
 [ 0.28907222]
 [ 0.27811983]
 [ 0.38740459]
 [ 0.26870717]
 [ 0.3629426 ]
 [ 0.26137997]
 [ 0.30944046]
 [ 0.39913195]
 [ 0.4388166 ]
 [ 0.51573028]
 [ 0.18748172]
 [ 0.24505913]
 [ 0.07721191]
 [ 0.82194241]
 [ 0.3827921 ]
 [ 0.45497064]
 [ 0.72527424]
 [ 0.20199542]
 [ 0.76016979]
 [ 0.23164965]
 [ 0.14790985]
 [ 0.27365978]
 [ 0.49997973]
 [ 0.34155184]
 [ 0.63491588]
 [ 0.2809516 ]
 [ 0.14655476]
 [ 0.72269713]
 [ 0.56136412]
 [ 0.11047841]
 [ 0.19161072]
 [ 0.08627813]
 [ 0.42623118]
 [ 0.25857205]
 [ 0.22574006]
 [ 0.42503013]
 [ 0.36788065]
 [ 0.30746298]
 [ 0.47598505]
 [ 0.37980563]
 [ 0.29096715]
 [ 0.38825096]
 [ 0.19492486]
 [ 0.25631838]
 [ 0.45486083]
 [ 0.56173225]
 [ 0.42089065]
 [ 0.39594571]
 [ 0.41087508]
 [ 0.05583494]
 [ 0.27372932]
 [ 0.5267013 ]
 [ 0.5484251 ]
 [ 0.34002218]
 [ 0.17554517]
 [ 0.13225965]
 [ 0.20569951]
 [ 0.27273917]
 [ 0.26376302]
 [ 0.36158485]
 [ 0.25589809]
 [ 0.30792324]
 [ 0.64128631]
 [ 0.29552929]
 [ 0.71049771]
 [ 0.15164007]
 [ 0.26576763]
 [ 0.30018607]
 [ 0.3500533 ]
 [ 0.45269959]
 [ 0.35865716]
 [ 0.42971062]
 [ 0.09370726]
 [ 0.13792314]
 [ 0.59041571]
 [ 0.80392204]
 [ 0.36843144]
 [ 0.48969105]
 [ 0.41732332]
 [ 0.1978998 ]
 [ 0.21523012]
 [ 0.37577149]
 [ 0.18821914]
 [ 0.22869115]
 [ 0.39375286]
 [ 0.22997062]
 [ 0.41757572]
 [ 0.49619556]
 [ 0.29410887]
 [ 0.43666489]
 [ 0.64145057]
 [ 0.19684837]
 [ 0.34793436]
 [ 0.12323207]
 [ 0.28235297]
 [ 0.20369477]
 [ 0.36789535]
 [ 0.48227054]
 [ 0.321799  ]
 [ 0.19788548]
 [ 0.09418584]
 [ 0.3180741 ]
 [ 0.24409432]
 [ 0.32423685]
 [ 0.42574579]
 [ 0.50610678]
 [ 0.27843995]
 [ 0.46478258]
 [ 0.79683459]
 [ 0.29208556]
 [ 0.31931107]
 [ 0.52818423]
 [ 0.35212614]
 [ 0.53896766]
 [ 0.19024318]
 [ 0.52845684]
 [ 0.26486356]
 [ 0.63861131]
 [ 0.40206769]
 [ 0.54141401]
 [ 0.24056176]
 [ 0.38059511]
 [ 0.38086609]
 [ 0.45588167]
 [ 0.45450661]
 [ 0.16597699]
 [ 0.38922349]
 [ 0.47597363]
 [ 0.37483891]
 [ 0.10263777]
 [ 0.58275161]
 [ 0.24110659]
 [ 0.61760364]
 [ 0.920809  ]
 [ 0.35427602]
 [ 0.58484206]
 [ 0.1703151 ]
 [ 0.36724128]
 [ 0.21477484]
 [ 0.3257709 ]
 [ 0.64466941]
 [ 0.60264169]
 [ 0.30044891]
 [ 0.6274192 ]
 [ 0.19096166]
 [ 0.16726376]
 [ 0.06298457]
 [ 0.49486296]
 [ 0.58975192]
 [ 0.21707301]
 [ 0.27260906]
 [ 0.67844141]
 [ 0.20226182]
 [ 0.21567916]
 [ 0.16855055]
 [ 0.20082017]
 [ 0.22736484]
 [ 0.37424433]
 [ 0.17130629]
 [ 0.41966723]
 [ 0.15203505]
 [ 0.25601164]
 [ 0.17738277]
 [ 0.31575788]
 [ 0.43889819]
 [ 0.31050906]
 [ 0.17991308]
 [ 0.38282766]
 [ 0.10641494]
 [ 0.13927787]
 [ 0.32973898]
 [ 0.45978638]
 [ 0.61123265]
 [ 0.26790375]
 [ 0.45641301]
 [ 0.42435004]
 [ 0.60596102]
 [ 0.46331726]
 [ 0.20106927]
 [ 0.20374707]
 [ 0.34619123]
 [ 0.34212487]
 [ 0.35390037]
 [ 0.2005978 ]
 [ 0.55545245]
 [ 0.20704414]
 [ 0.43070247]
 [ 0.37406191]
 [ 0.2197794 ]
 [ 0.56196358]
 [ 0.66942992]
 [ 0.45716642]
 [ 0.5672285 ]
 [ 0.45169038]
 [ 0.19531532]
 [ 0.53450085]
 [ 0.39837763]
 [ 0.4474304 ]
 [ 0.54084118]
 [ 0.67299349]
 [ 0.22332664]
 [ 0.13975124]
 [ 0.3248821 ]
 [ 0.43966876]
 [ 0.61550071]
 [ 0.50208796]
 [ 0.20565158]
 [ 0.38086882]
 [ 0.27554505]
 [ 0.08397534]
 [ 0.45965085]
 [ 0.25469527]
 [ 0.29533485]
 [ 0.39850849]
 [ 0.33653513]
 [ 0.29401722]
 [ 0.30982565]
 [ 0.33272469]
 [ 0.4696884 ]
 [ 0.32409101]
 [ 0.45934499]
 [ 0.37562455]
 [ 0.54228245]
 [ 0.16262992]
 [ 0.40904405]
 [ 0.46235694]
 [ 0.48777532]
 [ 0.29520952]
 [ 0.41634798]
 [ 0.30678389]
 [ 0.43512246]
 [ 0.54180788]
 [ 0.78125084]
 [ 0.2157795 ]
 [ 0.18338591]
 [ 0.6169306 ]
 [ 0.43299907]
 [ 0.56377764]
 [ 0.28549761]
 [ 0.46708633]
 [ 0.37630583]
 [ 0.59533207]
 [ 0.33692493]
 [ 0.19757166]
 [ 0.83106408]
 [ 0.56136507]
 [ 0.42828737]
 [ 0.317212  ]
 [ 0.36168164]
 [ 0.11899524]
 [ 0.28711853]
 [ 0.45692273]
 [ 0.34101215]
 [ 0.1836036 ]
 [ 0.33034722]
 [ 0.25711857]
 [ 0.24706022]
 [ 0.30809201]
 [ 0.22384136]
 [ 0.31565738]
 [ 0.2336292 ]
 [ 0.47236817]
 [ 0.29927484]
 [ 0.30586503]
 [ 0.30360946]
 [ 0.17233797]
 [ 0.27401178]
 [ 0.28176918]
 [ 0.27982865]
 [ 0.58083002]
 [ 0.38199301]
 [ 0.25233118]
 [ 0.45592847]
 [ 0.67476731]
 [ 0.40073232]
 [ 0.32955628]
 [ 0.29856123]
 [ 0.62215706]
 [ 0.58566583]
 [ 0.42922862]
 [ 0.2747058 ]
 [ 0.25569724]
 [ 0.45218777]
 [ 0.55768563]
 [ 0.36472886]
 [ 0.38615373]
 [ 0.37819211]
 [ 0.18775736]
 [ 0.66056151]
 [ 0.24952593]
 [ 0.69008642]
 [ 0.28120649]
 [ 0.48818444]
 [ 0.320225  ]
 [ 0.31087888]
 [ 0.42602343]
 [ 0.15367824]]

Y Output
[[1.]
 [0.]
 [1.]
 [0.]
 [1.]
 [0.]
 [1.]
 [0.]
 [1.]
 [1.]
 [0.]
 [1.]
 [0.]
 [1.]
 [1.]
 [1.]
 [1.]
 [1.]
 [0.]
 [1.]
 [0.]
 [0.]
 [1.]
 [1.]
 [1.]
 [1.]
 [1.]
 [0.]
 [0.]
 [0.]
 [0.]
 [1.]
 [0.]
 [0.]
 [0.]
 [0.]
 [0.]
 [1.]
 [1.]
 [1.]
 [0.]
 [0.]
 [0.]
 [1.]
 [0.]
 [1.]
 [0.]
 [0.]
 [1.]
 [0.]
 [0.]
 [0.]
 [0.]
 [1.]
 [0.]
 [0.]
 [1.]
 [0.]
 [0.]
 [0.]
 [0.]
 [1.]
 [0.]
 [0.]
 [1.]
 [0.]
 [1.]
 [0.]
 [0.]
 [0.]
 [1.]
 [0.]
 [1.]
 [0.]
 [0.]
 [0.]
 [0.]
 [0.]
 [1.]
 [0.]
 [0.]
 [0.]
 [0.]
 [0.]
 [1.]
 [0.]
 [0.]
 [0.]
 [1.]
 [0.]
 [0.]
 [0.]
 [0.]
 [1.]
 [0.]
 [0.]
 [0.]
 [0.]
 [0.]
 [1.]
 [1.]
 [0.]
 [0.]
 [0.]
 [0.]
 [0.]
 [0.]
 [0.]
 [0.]
 [1.]
 [1.]
 [1.]
 [0.]
 [0.]
 [1.]
 [1.]
 [1.]
 [0.]
 [0.]
 [0.]
 [1.]
 [0.]
 [0.]
 [0.]
 [1.]
 [1.]
 [0.]
 [0.]
 [1.]
 [1.]
 [1.]
 [1.]
 [1.]
 [0.]
 [0.]
 [0.]
 [0.]
 [0.]
 [0.]
 [0.]
 [0.]
 [0.]
 [0.]
 [1.]
 [0.]
 [0.]
 [0.]
 [0.]
 [0.]
 [0.]
 [0.]
 [0.]
 [1.]
 [0.]
 [1.]
 [1.]
 [0.]
 [0.]
 [0.]
 [1.]
 [0.]
 [0.]
 [0.]
 [0.]
 [1.]
 [1.]
 [0.]
 [0.]
 [0.]
 [0.]
 [1.]
 [1.]
 [0.]
 [0.]
 [0.]
 [1.]
 [0.]
 [1.]
 [0.]
 [1.]
 [0.]
 [0.]
 [0.]
 [0.]
 [0.]
 [1.]
 [1.]
 [1.]
 [1.]
 [1.]
 [0.]
 [0.]
 [1.]
 [1.]
 [0.]
 [1.]
 [0.]
 [1.]
 [1.]
 [1.]
 [0.]
 [0.]
 [0.]
 [0.]
 [0.]
 [0.]
 [1.]
 [1.]
 [0.]
 [1.]
 [0.]
 [0.]
 [0.]
 [1.]
 [1.]
 [1.]
 [1.]
 [0.]
 [1.]
 [1.]
 [1.]
 [1.]
 [0.]
 [0.]
 [0.]
 [0.]
 [0.]
 [1.]
 [0.]
 [0.]
 [1.]
 [1.]
 [0.]
 [0.]
 [0.]
 [1.]
 [1.]
 [1.]
 [1.]
 [0.]
 [0.]
 [0.]
 [1.]
 [1.]
 [0.]
 [1.]
 [0.]
 [0.]
 [0.]
 [0.]
 [0.]
 [0.]
 [0.]
 [0.]
 [1.]
 [1.]
 [0.]
 [0.]
 [0.]
 [1.]
 [0.]
 [1.]
 [0.]
 [0.]
 [1.]
 [0.]
 [1.]
 [0.]
 [0.]
 [1.]
 [1.]
 [0.]
 [0.]
 [0.]
 [0.]
 [0.]
 [1.]
 [0.]
 [0.]
 [0.]
 [1.]
 [0.]
 [0.]
 [1.]
 [1.]
 [0.]
 [0.]
 [1.]
 [0.]
 [0.]
 [0.]
 [1.]
 [1.]
 [1.]
 [0.]
 [0.]
 [1.]
 [0.]
 [1.]
 [0.]
 [1.]
 [1.]
 [0.]
 [1.]
 [0.]
 [0.]
 [1.]
 [0.]
 [1.]
 [1.]
 [0.]
 [0.]
 [1.]
 [0.]
 [1.]
 [0.]
 [0.]
 [1.]
 [0.]
 [1.]
 [0.]
 [1.]
 [1.]
 [1.]
 [0.]
 [0.]
 [1.]
 [0.]
 [1.]
 [0.]
 [0.]
 [0.]
 [1.]
 [0.]
 [0.]
 [0.]
 [0.]
 [1.]
 [1.]
 [1.]
 [0.]
 [0.]
 [0.]
 [0.]
 [0.]
 [0.]
 [0.]
 [0.]
 [0.]
 [1.]
 [0.]
 [0.]
 [0.]
 [0.]
 [0.]
 [1.]
 [1.]
 [1.]
 [0.]
 [1.]
 [1.]
 [0.]
 [0.]
 [1.]
 [0.]
 [0.]
 [1.]
 [0.]
 [0.]
 [1.]
 [1.]
 [0.]
 [0.]
 [0.]
 [0.]
 [1.]
 [0.]
 [0.]
 [1.]
 [0.]
 [0.]
 [0.]
 [0.]
 [0.]
 [0.]
 [0.]
 [1.]
 [1.]
 [1.]
 [0.]
 [0.]
 [1.]
 [0.]
 [0.]
 [1.]
 [0.]
 [0.]
 [1.]
 [0.]
 [1.]
 [1.]
 [0.]
 [1.]
 [0.]
 [1.]
 [0.]
 [1.]
 [0.]
 [1.]
 [1.]
 [0.]
 [0.]
 [0.]
 [0.]
 [1.]
 [1.]
 [0.]
 [1.]
 [0.]
 [1.]
 [0.]
 [0.]
 [0.]
 [0.]
 [1.]
 [1.]
 [0.]
 [1.]
 [0.]
 [1.]
 [0.]
 [0.]
 [0.]
 [0.]
 [0.]
 [1.]
 [0.]
 [0.]
 [0.]
 [0.]
 [1.]
 [0.]
 [0.]
 [1.]
 [1.]
 [1.]
 [0.]
 [0.]
 [1.]
 [0.]
 [0.]
 [1.]
 [0.]
 [0.]
 [0.]
 [1.]
 [0.]
 [0.]
 [1.]
 [0.]
 [0.]
 [0.]
 [0.]
 [0.]
 [0.]
 [0.]
 [0.]
 [0.]
 [1.]
 [0.]
 [0.]
 [0.]
 [0.]
 [0.]
 [0.]
 [0.]
 [1.]
 [0.]
 [0.]
 [0.]
 [1.]
 [0.]
 [0.]
 [0.]
 [1.]
 [1.]
 [0.]
 [0.]
 [0.]
 [0.]
 [0.]
 [0.]
 [0.]
 [1.]
 [0.]
 [0.]
 [0.]
 [0.]
 [1.]
 [0.]
 [0.]
 [0.]
 [1.]
 [0.]
 [0.]
 [0.]
 [1.]
 [0.]
 [0.]
 [0.]
 [1.]
 [0.]
 [0.]
 [0.]
 [0.]
 [1.]
 [1.]
 [0.]
 [0.]
 [0.]
 [0.]
 [0.]
 [0.]
 [1.]
 [0.]
 [0.]
 [0.]
 [0.]
 [0.]
 [0.]
 [0.]
 [0.]
 [0.]
 [0.]
 [0.]
 [1.]
 [0.]
 [0.]
 [0.]
 [1.]
 [1.]
 [1.]
 [1.]
 [0.]
 [0.]
 [1.]
 [1.]
 [0.]
 [0.]
 [0.]
 [0.]
 [0.]
 [0.]
 [0.]
 [0.]
 [0.]
 [0.]
 [0.]
 [0.]
 [0.]
 [1.]
 [1.]
 [0.]
 [0.]
 [0.]
 [0.]
 [0.]
 [0.]
 [0.]
 [1.]
 [0.]
 [0.]
 [0.]
 [0.]
 [0.]
 [0.]
 [0.]
 [1.]
 [0.]
 [1.]
 [1.]
 [0.]
 [0.]
 [0.]
 [1.]
 [0.]
 [1.]
 [0.]
 [1.]
 [0.]
 [1.]
 [0.]
 [1.]
 [0.]
 [0.]
 [1.]
 [0.]
 [0.]
 [1.]
 [0.]
 [0.]
 [0.]
 [0.]
 [1.]
 [1.]
 [0.]
 [1.]
 [0.]
 [0.]
 [0.]
 [0.]
 [1.]
 [1.]
 [0.]
 [1.]
 [0.]
 [0.]
 [0.]
 [1.]
 [1.]
 [0.]
 [0.]
 [0.]
 [0.]
 [0.]
 [0.]
 [0.]
 [0.]
 [0.]
 [0.]
 [1.]
 [0.]
 [0.]
 [0.]
 [0.]
 [1.]
 [0.]
 [0.]
 [1.]
 [0.]
 [0.]
 [0.]
 [1.]
 [0.]
 [0.]
 [0.]
 [1.]
 [1.]
 [1.]
 [0.]
 [0.]
 [0.]
 [0.]
 [0.]
 [0.]
 [1.]
 [0.]
 [0.]
 [0.]
 [1.]
 [0.]
 [1.]
 [1.]
 [1.]
 [1.]
 [0.]
 [1.]
 [1.]
 [0.]
 [0.]
 [0.]
 [0.]
 [0.]
 [0.]
 [0.]
 [1.]
 [1.]
 [0.]
 [1.]
 [0.]
 [0.]
 [1.]
 [0.]
 [1.]
 [0.]
 [0.]
 [0.]
 [0.]
 [0.]
 [1.]
 [0.]
 [1.]
 [0.]
 [1.]
 [0.]
 [1.]
 [1.]
 [0.]
 [0.]
 [0.]
 [0.]
 [1.]
 [1.]
 [0.]
 [0.]
 [0.]
 [1.]
 [0.]
 [1.]
 [1.]
 [0.]
 [0.]
 [1.]
 [0.]
 [0.]
 [1.]
 [1.]
 [0.]
 [0.]
 [1.]
 [0.]
 [0.]
 [1.]
 [0.]
 [0.]
 [0.]
 [0.]
 [0.]
 [0.]
 [0.]
 [1.]
 [1.]
 [1.]
 [0.]
 [0.]
 [0.]
 [0.]
 [0.]
 [0.]
 [1.]
 [1.]
 [0.]
 [0.]
 [1.]
 [0.]
 [0.]
 [1.]
 [0.]
 [1.]
 [1.]
 [1.]
 [0.]
 [0.]
 [1.]
 [1.]
 [1.]
 [0.]
 [1.]
 [0.]
 [1.]
 [0.]
 [1.]
 [0.]
 [0.]
 [0.]
 [0.]
 [1.]
 [0.]]
