(768, 8)
(768, 1)

Current Hidden Layer :6

Iteration 0: | Error:0.4162688825300405
Iteration 10000: | Error:0.285632559169737
Iteration 20000: | Error:0.2771950951334689
Iteration 30000: | Error:0.2738790647632827
Iteration 40000: | Error:0.2720296689507877
Iteration 50000: | Error:0.2706150600504926
Iteration 60000: | Error:0.26949589193187834
Iteration 70000: | Error:0.26862314862429865
Iteration 80000: | Error:0.2679372415194133
Iteration 90000: | Error:0.26736607411978724

L2 Output after training:
[[8.69327843e-01]
 [2.33257333e-03]
 [8.50220534e-01]
 [1.84383133e-03]
 [6.92305189e-01]
 [4.97082150e-02]
 [6.06521188e-03]
 [4.69443615e-01]
 [8.78966022e-01]
 [4.97065573e-62]
 [2.71296797e-01]
 [5.84436801e-01]
 [1.35944514e-19]
 [7.15844387e-01]
 [8.60268412e-01]
 [4.71478712e-01]
 [2.95291333e-01]
 [2.00104195e-01]
 [6.91113480e-02]
 [3.26024374e-01]
 [2.57580385e-01]
 [4.56640557e-01]
 [8.03521543e-01]
 [1.25005752e-01]
 [5.42244077e-01]
 [4.19374375e-01]
 [6.04954061e-01]
 [6.61403970e-05]
 [9.64692096e-02]
 [2.99772507e-01]
 [2.33189356e-02]
 [6.75668700e-01]
 [1.95879629e-03]
 [2.59773936e-23]
 [4.74367886e-01]
 [6.25198554e-02]
 [4.53147964e-01]
 [4.78474393e-01]
 [6.69172989e-02]
 [7.11183662e-01]
 [7.22282068e-01]
 [5.21009854e-01]
 [2.29881428e-10]
 [8.06244877e-01]
 [8.16370595e-01]
 [8.73618058e-01]
 [6.87034112e-01]
 [3.22832307e-04]
 [2.79245083e-01]
 [6.11059119e-37]
 [2.35255706e-12]
 [1.52332375e-02]
 [7.61418888e-03]
 [9.06212928e-01]
 [8.37872817e-01]
 [1.68286405e-05]
 [8.59863128e-01]
 [2.12914946e-01]
 [8.75917085e-01]
 [9.38659376e-02]
 [2.59538283e-48]
 [4.92247336e-01]
 [1.08077876e-03]
 [2.96800236e-01]
 [4.82727123e-01]
 [5.67747777e-02]
 [3.60441189e-01]
 [8.53350529e-01]
 [1.48892099e-07]
 [1.73437541e-01]
 [1.34750412e-01]
 [3.10242930e-01]
 [4.79418718e-01]
 [1.32564360e-01]
 [4.61218104e-03]
 [1.07948489e-16]
 [1.41000172e-01]
 [1.74434736e-01]
 [7.70212339e-01]
 [1.06263722e-02]
 [2.34419564e-02]
 [2.31042597e-49]
 [9.83393858e-02]
 [2.24828096e-04]
 [4.64255842e-01]
 [1.18472794e-01]
 [1.52891320e-01]
 [1.47985447e-01]
 [4.57247164e-01]
 [7.45719773e-03]
 [2.91935012e-08]
 [2.92198066e-01]
 [1.25698353e-01]
 [7.47029286e-02]
 [2.50333642e-02]
 [6.23093067e-01]
 [3.01800638e-02]
 [2.32234754e-07]
 [3.27967899e-02]
 [3.33436308e-01]
 [8.72565026e-01]
 [2.14958779e-01]
 [2.45658516e-20]
 [2.69758907e-04]
 [1.34859071e-01]
 [8.43214597e-02]
 [2.62768689e-35]
 [7.24594913e-01]
 [3.32404027e-02]
 [7.45749713e-02]
 [4.74582562e-01]
 [8.50638933e-01]
 [6.85443383e-03]
 [5.64248172e-02]
 [8.54964708e-01]
 [8.67823594e-01]
 [4.33090579e-01]
 [6.41972258e-02]
 [3.06622422e-02]
 [3.22470536e-05]
 [6.53958734e-01]
 [1.69918909e-01]
 [7.23597267e-02]
 [5.60794316e-15]
 [6.86604530e-02]
 [1.77381704e-01]
 [3.48571608e-01]
 [9.57555265e-02]
 [4.06723872e-01]
 [4.76743254e-01]
 [7.82737389e-01]
 [7.44154325e-01]
 [7.57890403e-01]
 [2.44661546e-01]
 [1.09259643e-04]
 [2.83751709e-01]
 [1.12969624e-02]
 [2.28508856e-03]
 [3.07441515e-01]
 [1.32979546e-01]
 [5.11649897e-03]
 [3.23264742e-01]
 [6.93220738e-02]
 [4.18703460e-01]
 [2.85944341e-01]
 [3.52469825e-47]
 [2.55681698e-05]
 [2.43989573e-01]
 [2.51434554e-05]
 [2.06552923e-03]
 [2.26344066e-01]
 [1.38258599e-01]
 [8.80766297e-01]
 [1.80829135e-01]
 [6.18189616e-01]
 [4.76977034e-01]
 [1.73513843e-03]
 [6.55106104e-03]
 [4.87633609e-03]
 [7.57126807e-01]
 [1.71054201e-01]
 [1.52107247e-01]
 [1.84768200e-01]
 [2.58297652e-02]
 [3.70565940e-01]
 [4.72389096e-01]
 [3.34954507e-01]
 [5.45481313e-01]
 [2.21343691e-01]
 [1.99066093e-02]
 [1.77246369e-01]
 [4.01163129e-01]
 [3.01541838e-03]
 [4.15162872e-02]
 [1.21759602e-02]
 [8.71380034e-01]
 [2.16187734e-01]
 [4.55290704e-01]
 [6.29320213e-01]
 [7.04872567e-01]
 [2.17921711e-06]
 [1.61994724e-01]
 [1.36548686e-15]
 [1.31257955e-02]
 [6.17801389e-01]
 [9.11191028e-01]
 [8.30500081e-01]
 [4.88007797e-01]
 [1.44907849e-01]
 [2.46586658e-01]
 [2.41074778e-03]
 [4.14397805e-01]
 [7.47758053e-01]
 [8.68911344e-01]
 [1.43607238e-02]
 [4.50317941e-01]
 [2.65994038e-03]
 [7.43828213e-03]
 [2.04670746e-01]
 [3.43338850e-01]
 [3.40472839e-02]
 [3.65037371e-01]
 [1.51864376e-01]
 [6.19050093e-07]
 [8.26953090e-10]
 [4.83536735e-03]
 [9.18363709e-01]
 [6.80851538e-01]
 [2.26912414e-02]
 [8.27101207e-01]
 [4.03414894e-03]
 [3.54392147e-01]
 [8.81414738e-01]
 [3.95907338e-01]
 [3.09360499e-01]
 [6.17893731e-01]
 [1.48482765e-01]
 [3.48205980e-01]
 [1.40553112e-01]
 [4.77203084e-01]
 [1.45494727e-01]
 [8.54079481e-01]
 [4.61532089e-02]
 [3.40407355e-03]
 [2.75511568e-03]
 [2.91953898e-02]
 [9.85660277e-02]
 [7.80911526e-01]
 [1.59070304e-01]
 [2.79695814e-01]
 [3.81927368e-01]
 [5.10057919e-01]
 [8.34536662e-07]
 [3.27640746e-01]
 [3.70129265e-03]
 [5.44704198e-01]
 [9.08056811e-01]
 [6.38334936e-01]
 [6.96147217e-01]
 [1.60799136e-13]
 [6.45149740e-03]
 [4.20444984e-02]
 [2.20059722e-01]
 [4.46249141e-01]
 [4.21225196e-01]
 [8.86178090e-01]
 [4.57811871e-01]
 [1.54428335e-01]
 [2.99312407e-01]
 [4.21407992e-03]
 [5.35421461e-01]
 [2.96155046e-02]
 [3.41800111e-06]
 [2.87464599e-02]
 [3.93553053e-01]
 [9.23307324e-02]
 [1.96923386e-01]
 [5.60475582e-02]
 [3.36985016e-01]
 [8.46708033e-01]
 [8.67184694e-01]
 [6.72368060e-01]
 [6.13291416e-02]
 [4.55021175e-07]
 [4.43657468e-01]
 [6.43952968e-01]
 [6.68027020e-01]
 [6.08607054e-01]
 [2.86069602e-03]
 [6.73359772e-01]
 [4.37757598e-01]
 [5.11778595e-03]
 [7.83447194e-03]
 [5.58095350e-04]
 [3.44493452e-01]
 [9.56037809e-02]
 [1.13297814e-01]
 [5.93507901e-03]
 [6.28824251e-02]
 [2.45384025e-05]
 [4.96292780e-01]
 [4.28593975e-01]
 [3.69522120e-01]
 [7.10408753e-01]
 [2.86107260e-01]
 [7.93301029e-01]
 [5.13987110e-01]
 [3.26750088e-01]
 [2.19942076e-03]
 [1.97941641e-01]
 [1.40040692e-02]
 [1.63752696e-01]
 [7.18721806e-01]
 [3.88091318e-01]
 [1.13225563e-29]
 [6.70103136e-01]
 [2.44311512e-01]
 [3.59404246e-02]
 [3.99803615e-01]
 [2.84851648e-13]
 [7.89735945e-01]
 [4.49144513e-01]
 [6.64987525e-02]
 [4.41093627e-01]
 [9.22700225e-03]
 [2.59661789e-01]
 [8.47745044e-01]
 [1.28465372e-02]
 [6.37188295e-02]
 [4.14278893e-01]
 [2.05425596e-02]
 [7.72574107e-02]
 [4.23631949e-01]
 [1.46845715e-01]
 [7.51906393e-01]
 [1.38395375e-01]
 [8.93207122e-12]
 [7.44566123e-01]
 [1.97331444e-01]
 [6.49323049e-01]
 [2.95026913e-01]
 [9.68933899e-02]
 [2.72190220e-01]
 [5.69858938e-01]
 [1.35132812e-01]
 [1.62416116e-01]
 [4.34781723e-01]
 [6.17908914e-01]
 [2.38954793e-01]
 [1.77995969e-01]
 [6.06241314e-08]
 [3.59375721e-02]
 [9.02829752e-01]
 [3.01915631e-02]
 [5.54344463e-04]
 [4.80258509e-01]
 [6.24613067e-02]
 [5.40465824e-01]
 [6.95839492e-01]
 [7.00786957e-01]
 [2.86930179e-02]
 [3.88319676e-02]
 [2.32278764e-11]
 [3.20198680e-01]
 [1.92321614e-01]
 [5.42294932e-01]
 [3.55366025e-01]
 [1.26688697e-01]
 [1.47201472e-03]
 [6.21116823e-12]
 [2.90018672e-01]
 [2.51693710e-01]
 [9.17530898e-07]
 [3.59246712e-03]
 [1.64477026e-01]
 [7.71149868e-01]
 [3.69623301e-01]
 [5.81158862e-01]
 [1.62886576e-01]
 [8.67824452e-01]
 [8.29177431e-01]
 [1.30592015e-01]
 [2.94166209e-13]
 [6.67713188e-01]
 [3.89289720e-01]
 [1.68160779e-01]
 [2.05239730e-01]
 [4.42364157e-07]
 [6.72936635e-05]
 [3.62751668e-01]
 [5.44903733e-01]
 [1.27518369e-73]
 [1.17761355e-02]
 [6.76029006e-02]
 [4.47282207e-01]
 [8.12644545e-01]
 [5.29487581e-06]
 [2.27430040e-02]
 [4.93663981e-01]
 [2.67418965e-01]
 [5.29899071e-02]
 [2.40857152e-10]
 [1.32499883e-04]
 [1.22539621e-03]
 [1.64476329e-02]
 [1.59299386e-02]
 [4.41497462e-01]
 [3.84089062e-01]
 [8.67038666e-01]
 [1.42914463e-01]
 [3.09825311e-01]
 [4.82907225e-01]
 [4.38737150e-06]
 [9.90373493e-02]
 [7.60676099e-01]
 [1.00993915e-02]
 [6.22365065e-02]
 [1.63829381e-01]
 [2.73230635e-07]
 [7.31735535e-01]
 [1.58676325e-01]
 [3.21904712e-01]
 [3.82136858e-01]
 [1.01284411e-01]
 [8.38739646e-01]
 [3.90924167e-01]
 [6.68171267e-01]
 [1.64333432e-04]
 [8.78252864e-01]
 [6.91790526e-01]
 [1.74095090e-01]
 [7.92674608e-02]
 [2.19819431e-01]
 [5.15706046e-02]
 [2.54041425e-01]
 [1.83195261e-01]
 [8.56720956e-03]
 [6.76610534e-01]
 [4.31044315e-11]
 [1.62018025e-01]
 [2.71492671e-01]
 [1.28150884e-03]
 [6.33791543e-02]
 [8.83779952e-02]
 [5.32519071e-01]
 [6.84572516e-01]
 [1.66811718e-47]
 [8.73835412e-01]
 [2.65590687e-01]
 [1.91843284e-01]
 [8.79231089e-03]
 [1.44847103e-01]
 [1.25630130e-03]
 [7.28867111e-02]
 [3.59809236e-02]
 [8.25563079e-01]
 [4.52162994e-01]
 [3.87456787e-01]
 [1.91169323e-17]
 [2.98138553e-01]
 [7.85133781e-01]
 [1.20882504e-02]
 [1.55677350e-01]
 [4.17713608e-01]
 [2.77608047e-01]
 [9.07522723e-01]
 [6.79492233e-03]
 [3.59570645e-02]
 [3.36404655e-02]
 [8.59451156e-02]
 [9.29649048e-07]
 [1.60245262e-01]
 [3.93060202e-02]
 [5.26573769e-44]
 [1.00996898e-01]
 [6.01768438e-01]
 [1.84461291e-09]
 [2.99710295e-02]
 [8.82986236e-01]
 [1.53261240e-42]
 [4.21295255e-02]
 [1.40007764e-06]
 [1.12573449e-01]
 [7.15984092e-03]
 [9.81050046e-04]
 [3.00014447e-03]
 [2.62877674e-04]
 [5.16342469e-02]
 [2.61250867e-01]
 [4.66448581e-01]
 [5.25577786e-01]
 [1.80292912e-01]
 [1.95275201e-01]
 [4.99273980e-01]
 [1.12472576e-01]
 [1.17988579e-02]
 [8.32844899e-02]
 [6.59545397e-02]
 [1.98271600e-01]
 [9.77932449e-02]
 [7.06679187e-01]
 [1.29060809e-01]
 [1.98609104e-02]
 [3.06082472e-02]
 [8.56712393e-01]
 [2.66671689e-01]
 [9.81109756e-02]
 [9.09581843e-01]
 [8.07479756e-03]
 [5.61279468e-14]
 [3.86942061e-02]
 [5.00905814e-02]
 [9.46656549e-02]
 [7.50297549e-01]
 [5.01867719e-47]
 [2.06414261e-03]
 [9.45857514e-02]
 [5.93870990e-03]
 [8.77656895e-01]
 [8.31197958e-01]
 [3.18105416e-06]
 [8.82174077e-02]
 [1.05332803e-08]
 [4.48083743e-01]
 [1.74218627e-01]
 [2.49704417e-01]
 [8.06081131e-01]
 [6.86337708e-02]
 [3.87602433e-03]
 [6.97816992e-06]
 [1.32155026e-01]
 [4.16727908e-03]
 [5.53386824e-14]
 [4.42719003e-03]
 [1.23617777e-02]
 [5.66101692e-01]
 [8.66396670e-01]
 [6.11502938e-01]
 [2.68794543e-01]
 [9.28070942e-03]
 [4.55981399e-06]
 [1.74986949e-01]
 [4.97861524e-36]
 [7.74620740e-01]
 [2.07722619e-01]
 [6.41599370e-05]
 [4.84106832e-09]
 [2.28405668e-02]
 [2.49658378e-02]
 [6.55881593e-02]
 [1.09147396e-01]
 [2.34710297e-01]
 [6.51006901e-02]
 [2.97799046e-01]
 [8.02428781e-03]
 [6.55137803e-01]
 [3.68409619e-02]
 [3.73695095e-42]
 [1.47601229e-01]
 [5.10903948e-01]
 [3.97444588e-01]
 [2.22147704e-01]
 [6.43909836e-01]
 [1.60795923e-01]
 [2.21821606e-02]
 [7.16275719e-01]
 [9.18102486e-01]
 [2.57606092e-01]
 [8.47490704e-01]
 [1.07300371e-02]
 [1.16956997e-02]
 [1.64018796e-02]
 [7.76507455e-12]
 [6.97123330e-03]
 [4.53428498e-02]
 [2.47462553e-01]
 [9.65580732e-02]
 [5.38955258e-03]
 [1.61449383e-01]
 [2.39517014e-01]
 [3.53782953e-01]
 [8.67301333e-01]
 [4.04264153e-02]
 [1.33718154e-01]
 [2.04255631e-02]
 [2.73951408e-03]
 [9.88882446e-02]
 [7.20262818e-11]
 [7.49914645e-01]
 [2.84436339e-01]
 [1.35023438e-01]
 [6.48794094e-17]
 [6.24534967e-02]
 [4.99369385e-02]
 [3.87411901e-02]
 [1.30396834e-01]
 [2.99319249e-01]
 [2.43935103e-01]
 [4.01136071e-01]
 [6.95638590e-01]
 [3.49072741e-01]
 [5.32487412e-02]
 [1.69590655e-06]
 [3.99238047e-01]
 [6.65967856e-01]
 [2.92752084e-04]
 [5.66617820e-01]
 [4.23361797e-02]
 [8.98117204e-01]
 [4.94783029e-06]
 [5.09871173e-01]
 [1.39235360e-01]
 [7.42569389e-01]
 [7.47977731e-04]
 [4.50845756e-01]
 [6.05941265e-01]
 [2.35041513e-08]
 [3.12914164e-03]
 [8.05963197e-01]
 [1.37782184e-02]
 [1.95344930e-05]
 [9.41794515e-02]
 [2.61882112e-02]
 [8.92400260e-01]
 [8.35304186e-01]
 [2.16551302e-01]
 [7.91424288e-01]
 [9.45053942e-07]
 [3.68890522e-01]
 [1.45441655e-03]
 [4.84979292e-02]
 [8.65874922e-01]
 [8.32972471e-01]
 [1.73764215e-01]
 [7.87982121e-01]
 [1.30675191e-02]
 [2.19857559e-03]
 [1.49483342e-09]
 [6.10416022e-01]
 [3.60754030e-01]
 [1.74667073e-01]
 [3.65571457e-03]
 [9.16988824e-01]
 [9.92349246e-02]
 [5.66334876e-02]
 [9.88089583e-02]
 [4.08046639e-03]
 [9.35888199e-02]
 [5.37884328e-01]
 [1.65544318e-03]
 [4.65063950e-01]
 [3.70917256e-02]
 [2.76856927e-02]
 [1.23126448e-02]
 [1.48462370e-01]
 [3.81949649e-01]
 [3.37447589e-01]
 [2.04929217e-02]
 [3.00027723e-01]
 [2.35509546e-11]
 [7.31986585e-03]
 [2.64482952e-01]
 [7.84962481e-01]
 [1.15190621e-01]
 [3.03315766e-02]
 [3.65865677e-01]
 [5.87887018e-01]
 [7.96742860e-01]
 [3.83490618e-01]
 [7.63150675e-03]
 [8.44695220e-04]
 [2.12870450e-01]
 [2.33820574e-01]
 [2.13458714e-01]
 [5.26173664e-02]
 [2.06075181e-01]
 [2.37673355e-04]
 [6.96697061e-01]
 [4.48706125e-01]
 [3.88270897e-02]
 [7.90871078e-01]
 [8.98019714e-01]
 [4.96116364e-01]
 [6.49237059e-01]
 [3.86515375e-01]
 [7.24317323e-02]
 [1.51951635e-13]
 [2.14274106e-01]
 [3.65224329e-01]
 [6.69115443e-01]
 [8.95350517e-01]
 [3.40970918e-03]
 [9.98902556e-02]
 [3.82848358e-01]
 [1.25286493e-11]
 [8.08389035e-01]
 [5.40703601e-01]
 [6.22135906e-02]
 [2.74203601e-01]
 [7.85660569e-05]
 [7.50694882e-07]
 [5.26395444e-01]
 [9.97488779e-02]
 [2.31126611e-01]
 [4.07154637e-62]
 [1.64030026e-01]
 [2.54960178e-02]
 [9.96651795e-02]
 [4.85115561e-02]
 [7.90214462e-01]
 [1.04405289e-01]
 [4.79151822e-01]
 [2.95892625e-01]
 [6.31929589e-01]
 [1.10282275e-03]
 [3.67877785e-01]
 [6.80360463e-01]
 [6.18689709e-03]
 [2.12422160e-01]
 [3.91938673e-01]
 [1.65904804e-01]
 [6.45173908e-01]
 [8.90969198e-01]
 [1.18508000e-01]
 [6.35885762e-02]
 [1.66299079e-01]
 [5.72252498e-33]
 [5.82944835e-02]
 [6.82952824e-01]
 [4.83554422e-02]
 [1.15841987e-01]
 [5.06216086e-01]
 [4.83145030e-01]
 [4.56031100e-03]
 [9.17958467e-02]
 [8.77664252e-01]
 [8.43874243e-01]
 [6.10673618e-05]
 [4.92459941e-02]
 [1.37846871e-01]
 [4.25035419e-03]
 [8.86883934e-02]
 [7.77025861e-01]
 [3.98028174e-01]
 [2.20678212e-01]
 [3.04757236e-01]
 [1.12505917e-01]
 [1.62221673e-01]
 [1.48966080e-04]
 [2.50343922e-02]
 [2.95098988e-01]
 [5.87180864e-02]
 [5.55269053e-01]
 [1.45613739e-02]
 [1.29976608e-01]
 [1.13158006e-01]
 [4.86853100e-03]
 [1.07567288e-01]
 [4.10826763e-02]
 [4.49845267e-01]
 [6.26075118e-01]
 [8.12874414e-02]
 [1.68330865e-02]
 [6.68315610e-01]
 [7.08616030e-01]
 [2.99137988e-01]
 [4.29395389e-01]
 [2.12426773e-01]
 [8.75809939e-01]
 [8.45207232e-01]
 [4.05004375e-01]
 [2.35483831e-01]
 [2.74818573e-02]
 [3.92535421e-01]
 [8.11750317e-01]
 [7.24530464e-01]
 [3.17174397e-01]
 [7.69390056e-01]
 [1.75318268e-01]
 [9.17131792e-01]
 [6.36271832e-03]
 [7.37699201e-01]
 [3.72870736e-02]
 [8.32475424e-15]
 [2.78282052e-01]
 [1.22543923e-01]
 [7.99716754e-01]
 [1.04296975e-02]]

Y Output
[[1.]
 [0.]
 [1.]
 [0.]
 [1.]
 [0.]
 [1.]
 [0.]
 [1.]
 [1.]
 [0.]
 [1.]
 [0.]
 [1.]
 [1.]
 [1.]
 [1.]
 [1.]
 [0.]
 [1.]
 [0.]
 [0.]
 [1.]
 [1.]
 [1.]
 [1.]
 [1.]
 [0.]
 [0.]
 [0.]
 [0.]
 [1.]
 [0.]
 [0.]
 [0.]
 [0.]
 [0.]
 [1.]
 [1.]
 [1.]
 [0.]
 [0.]
 [0.]
 [1.]
 [0.]
 [1.]
 [0.]
 [0.]
 [1.]
 [0.]
 [0.]
 [0.]
 [0.]
 [1.]
 [0.]
 [0.]
 [1.]
 [0.]
 [0.]
 [0.]
 [0.]
 [1.]
 [0.]
 [0.]
 [1.]
 [0.]
 [1.]
 [0.]
 [0.]
 [0.]
 [1.]
 [0.]
 [1.]
 [0.]
 [0.]
 [0.]
 [0.]
 [0.]
 [1.]
 [0.]
 [0.]
 [0.]
 [0.]
 [0.]
 [1.]
 [0.]
 [0.]
 [0.]
 [1.]
 [0.]
 [0.]
 [0.]
 [0.]
 [1.]
 [0.]
 [0.]
 [0.]
 [0.]
 [0.]
 [1.]
 [1.]
 [0.]
 [0.]
 [0.]
 [0.]
 [0.]
 [0.]
 [0.]
 [0.]
 [1.]
 [1.]
 [1.]
 [0.]
 [0.]
 [1.]
 [1.]
 [1.]
 [0.]
 [0.]
 [0.]
 [1.]
 [0.]
 [0.]
 [0.]
 [1.]
 [1.]
 [0.]
 [0.]
 [1.]
 [1.]
 [1.]
 [1.]
 [1.]
 [0.]
 [0.]
 [0.]
 [0.]
 [0.]
 [0.]
 [0.]
 [0.]
 [0.]
 [0.]
 [1.]
 [0.]
 [0.]
 [0.]
 [0.]
 [0.]
 [0.]
 [0.]
 [0.]
 [1.]
 [0.]
 [1.]
 [1.]
 [0.]
 [0.]
 [0.]
 [1.]
 [0.]
 [0.]
 [0.]
 [0.]
 [1.]
 [1.]
 [0.]
 [0.]
 [0.]
 [0.]
 [1.]
 [1.]
 [0.]
 [0.]
 [0.]
 [1.]
 [0.]
 [1.]
 [0.]
 [1.]
 [0.]
 [0.]
 [0.]
 [0.]
 [0.]
 [1.]
 [1.]
 [1.]
 [1.]
 [1.]
 [0.]
 [0.]
 [1.]
 [1.]
 [0.]
 [1.]
 [0.]
 [1.]
 [1.]
 [1.]
 [0.]
 [0.]
 [0.]
 [0.]
 [0.]
 [0.]
 [1.]
 [1.]
 [0.]
 [1.]
 [0.]
 [0.]
 [0.]
 [1.]
 [1.]
 [1.]
 [1.]
 [0.]
 [1.]
 [1.]
 [1.]
 [1.]
 [0.]
 [0.]
 [0.]
 [0.]
 [0.]
 [1.]
 [0.]
 [0.]
 [1.]
 [1.]
 [0.]
 [0.]
 [0.]
 [1.]
 [1.]
 [1.]
 [1.]
 [0.]
 [0.]
 [0.]
 [1.]
 [1.]
 [0.]
 [1.]
 [0.]
 [0.]
 [0.]
 [0.]
 [0.]
 [0.]
 [0.]
 [0.]
 [1.]
 [1.]
 [0.]
 [0.]
 [0.]
 [1.]
 [0.]
 [1.]
 [0.]
 [0.]
 [1.]
 [0.]
 [1.]
 [0.]
 [0.]
 [1.]
 [1.]
 [0.]
 [0.]
 [0.]
 [0.]
 [0.]
 [1.]
 [0.]
 [0.]
 [0.]
 [1.]
 [0.]
 [0.]
 [1.]
 [1.]
 [0.]
 [0.]
 [1.]
 [0.]
 [0.]
 [0.]
 [1.]
 [1.]
 [1.]
 [0.]
 [0.]
 [1.]
 [0.]
 [1.]
 [0.]
 [1.]
 [1.]
 [0.]
 [1.]
 [0.]
 [0.]
 [1.]
 [0.]
 [1.]
 [1.]
 [0.]
 [0.]
 [1.]
 [0.]
 [1.]
 [0.]
 [0.]
 [1.]
 [0.]
 [1.]
 [0.]
 [1.]
 [1.]
 [1.]
 [0.]
 [0.]
 [1.]
 [0.]
 [1.]
 [0.]
 [0.]
 [0.]
 [1.]
 [0.]
 [0.]
 [0.]
 [0.]
 [1.]
 [1.]
 [1.]
 [0.]
 [0.]
 [0.]
 [0.]
 [0.]
 [0.]
 [0.]
 [0.]
 [0.]
 [1.]
 [0.]
 [0.]
 [0.]
 [0.]
 [0.]
 [1.]
 [1.]
 [1.]
 [0.]
 [1.]
 [1.]
 [0.]
 [0.]
 [1.]
 [0.]
 [0.]
 [1.]
 [0.]
 [0.]
 [1.]
 [1.]
 [0.]
 [0.]
 [0.]
 [0.]
 [1.]
 [0.]
 [0.]
 [1.]
 [0.]
 [0.]
 [0.]
 [0.]
 [0.]
 [0.]
 [0.]
 [1.]
 [1.]
 [1.]
 [0.]
 [0.]
 [1.]
 [0.]
 [0.]
 [1.]
 [0.]
 [0.]
 [1.]
 [0.]
 [1.]
 [1.]
 [0.]
 [1.]
 [0.]
 [1.]
 [0.]
 [1.]
 [0.]
 [1.]
 [1.]
 [0.]
 [0.]
 [0.]
 [0.]
 [1.]
 [1.]
 [0.]
 [1.]
 [0.]
 [1.]
 [0.]
 [0.]
 [0.]
 [0.]
 [1.]
 [1.]
 [0.]
 [1.]
 [0.]
 [1.]
 [0.]
 [0.]
 [0.]
 [0.]
 [0.]
 [1.]
 [0.]
 [0.]
 [0.]
 [0.]
 [1.]
 [0.]
 [0.]
 [1.]
 [1.]
 [1.]
 [0.]
 [0.]
 [1.]
 [0.]
 [0.]
 [1.]
 [0.]
 [0.]
 [0.]
 [1.]
 [0.]
 [0.]
 [1.]
 [0.]
 [0.]
 [0.]
 [0.]
 [0.]
 [0.]
 [0.]
 [0.]
 [0.]
 [1.]
 [0.]
 [0.]
 [0.]
 [0.]
 [0.]
 [0.]
 [0.]
 [1.]
 [0.]
 [0.]
 [0.]
 [1.]
 [0.]
 [0.]
 [0.]
 [1.]
 [1.]
 [0.]
 [0.]
 [0.]
 [0.]
 [0.]
 [0.]
 [0.]
 [1.]
 [0.]
 [0.]
 [0.]
 [0.]
 [1.]
 [0.]
 [0.]
 [0.]
 [1.]
 [0.]
 [0.]
 [0.]
 [1.]
 [0.]
 [0.]
 [0.]
 [1.]
 [0.]
 [0.]
 [0.]
 [0.]
 [1.]
 [1.]
 [0.]
 [0.]
 [0.]
 [0.]
 [0.]
 [0.]
 [1.]
 [0.]
 [0.]
 [0.]
 [0.]
 [0.]
 [0.]
 [0.]
 [0.]
 [0.]
 [0.]
 [0.]
 [1.]
 [0.]
 [0.]
 [0.]
 [1.]
 [1.]
 [1.]
 [1.]
 [0.]
 [0.]
 [1.]
 [1.]
 [0.]
 [0.]
 [0.]
 [0.]
 [0.]
 [0.]
 [0.]
 [0.]
 [0.]
 [0.]
 [0.]
 [0.]
 [0.]
 [1.]
 [1.]
 [0.]
 [0.]
 [0.]
 [0.]
 [0.]
 [0.]
 [0.]
 [1.]
 [0.]
 [0.]
 [0.]
 [0.]
 [0.]
 [0.]
 [0.]
 [1.]
 [0.]
 [1.]
 [1.]
 [0.]
 [0.]
 [0.]
 [1.]
 [0.]
 [1.]
 [0.]
 [1.]
 [0.]
 [1.]
 [0.]
 [1.]
 [0.]
 [0.]
 [1.]
 [0.]
 [0.]
 [1.]
 [0.]
 [0.]
 [0.]
 [0.]
 [1.]
 [1.]
 [0.]
 [1.]
 [0.]
 [0.]
 [0.]
 [0.]
 [1.]
 [1.]
 [0.]
 [1.]
 [0.]
 [0.]
 [0.]
 [1.]
 [1.]
 [0.]
 [0.]
 [0.]
 [0.]
 [0.]
 [0.]
 [0.]
 [0.]
 [0.]
 [0.]
 [1.]
 [0.]
 [0.]
 [0.]
 [0.]
 [1.]
 [0.]
 [0.]
 [1.]
 [0.]
 [0.]
 [0.]
 [1.]
 [0.]
 [0.]
 [0.]
 [1.]
 [1.]
 [1.]
 [0.]
 [0.]
 [0.]
 [0.]
 [0.]
 [0.]
 [1.]
 [0.]
 [0.]
 [0.]
 [1.]
 [0.]
 [1.]
 [1.]
 [1.]
 [1.]
 [0.]
 [1.]
 [1.]
 [0.]
 [0.]
 [0.]
 [0.]
 [0.]
 [0.]
 [0.]
 [1.]
 [1.]
 [0.]
 [1.]
 [0.]
 [0.]
 [1.]
 [0.]
 [1.]
 [0.]
 [0.]
 [0.]
 [0.]
 [0.]
 [1.]
 [0.]
 [1.]
 [0.]
 [1.]
 [0.]
 [1.]
 [1.]
 [0.]
 [0.]
 [0.]
 [0.]
 [1.]
 [1.]
 [0.]
 [0.]
 [0.]
 [1.]
 [0.]
 [1.]
 [1.]
 [0.]
 [0.]
 [1.]
 [0.]
 [0.]
 [1.]
 [1.]
 [0.]
 [0.]
 [1.]
 [0.]
 [0.]
 [1.]
 [0.]
 [0.]
 [0.]
 [0.]
 [0.]
 [0.]
 [0.]
 [1.]
 [1.]
 [1.]
 [0.]
 [0.]
 [0.]
 [0.]
 [0.]
 [0.]
 [1.]
 [1.]
 [0.]
 [0.]
 [1.]
 [0.]
 [0.]
 [1.]
 [0.]
 [1.]
 [1.]
 [1.]
 [0.]
 [0.]
 [1.]
 [1.]
 [1.]
 [0.]
 [1.]
 [0.]
 [1.]
 [0.]
 [1.]
 [0.]
 [0.]
 [0.]
 [0.]
 [1.]
 [0.]]

Current Hidden Layer :7

Iteration 0: | Error:0.5054983089349355
Iteration 10000: | Error:0.3489584098256124
Iteration 20000: | Error:0.3489584555582326
Iteration 30000: | Error:0.34895868586775824
Iteration 40000: | Error:0.2724137644333943
Iteration 50000: | Error:0.2611392685705111
Iteration 60000: | Error:0.25761667830170676
Iteration 70000: | Error:0.2556741921281491
Iteration 80000: | Error:0.25440527683412606
Iteration 90000: | Error:0.2535606341833346

L2 Output after training:
[[9.64616322e-01]
 [1.51445737e-02]
 [9.07591888e-01]
 [3.29984568e-03]
 [9.25339084e-01]
 [8.44358594e-02]
 [2.48423673e-02]
 [6.24511362e-01]
 [9.57154515e-01]
 [1.54402862e-48]
 [2.48232109e-01]
 [6.98431213e-01]
 [6.89932438e-11]
 [9.16196415e-01]
 [9.48623794e-01]
 [7.50654810e-01]
 [4.50374209e-01]
 [2.55621731e-01]
 [2.31896926e-01]
 [6.22308006e-01]
 [4.06202872e-01]
 [5.71297343e-01]
 [9.01565311e-01]
 [1.91892894e-01]
 [6.62203382e-01]
 [5.54195698e-01]
 [7.28852591e-01]
 [1.06085029e-03]
 [1.97449849e-01]
 [3.67844918e-01]
 [1.39465734e-01]
 [8.76175124e-01]
 [5.95144028e-03]
 [1.88434837e-19]
 [7.06785487e-01]
 [2.28149040e-01]
 [5.27102366e-01]
 [7.15299854e-01]
 [1.67430101e-01]
 [9.23956082e-01]
 [8.58313693e-01]
 [6.41897223e-01]
 [9.84778947e-09]
 [9.02216782e-01]
 [9.19993582e-01]
 [9.68583005e-01]
 [9.06894093e-01]
 [1.13316459e-03]
 [3.68408990e-01]
 [1.69026526e-48]
 [1.14310857e-09]
 [1.01572566e-01]
 [2.89094508e-02]
 [9.73766703e-01]
 [9.49066159e-01]
 [7.43476329e-05]
 [9.43267016e-01]
 [4.67792860e-01]
 [9.75883779e-01]
 [1.39683270e-01]
 [5.28488596e-54]
 [6.16841964e-01]
 [3.11669597e-03]
 [4.60464336e-01]
 [6.31639213e-01]
 [1.15501147e-01]
 [7.29396052e-01]
 [9.47138302e-01]
 [3.43060468e-06]
 [2.97783187e-01]
 [4.25900540e-01]
 [5.07002503e-01]
 [5.07406879e-01]
 [1.55310923e-01]
 [7.35103413e-03]
 [5.42188348e-18]
 [1.58578652e-01]
 [2.49134407e-01]
 [9.23313307e-01]
 [3.26280892e-02]
 [6.44475920e-02]
 [2.37707542e-52]
 [2.49679312e-01]
 [9.99676219e-04]
 [4.66262787e-01]
 [3.29348004e-01]
 [2.56666797e-01]
 [2.00829269e-01]
 [5.12186266e-01]
 [1.68810442e-02]
 [2.58261317e-07]
 [4.94355540e-01]
 [1.88161380e-01]
 [1.00781363e-01]
 [1.11237892e-01]
 [7.89375339e-01]
 [6.18323505e-02]
 [5.40009766e-06]
 [9.33160453e-02]
 [3.96559325e-01]
 [9.72518496e-01]
 [4.45640584e-01]
 [1.77177195e-18]
 [5.91937512e-04]
 [2.45397549e-01]
 [3.85768560e-01]
 [3.08893477e-26]
 [8.92153657e-01]
 [7.78245505e-02]
 [6.15231242e-02]
 [6.36955651e-01]
 [9.54073376e-01]
 [1.32760789e-02]
 [5.49129045e-02]
 [9.48536452e-01]
 [9.65403356e-01]
 [5.63548284e-01]
 [1.24397792e-01]
 [7.93341121e-02]
 [1.19684640e-04]
 [8.13207966e-01]
 [2.79245772e-01]
 [1.29873754e-01]
 [3.98727953e-12]
 [8.33249084e-02]
 [2.90959002e-01]
 [4.74240436e-01]
 [2.46379844e-01]
 [6.53432611e-01]
 [7.59668733e-01]
 [9.08510786e-01]
 [8.95258625e-01]
 [8.97547121e-01]
 [3.36911157e-01]
 [1.83476497e-03]
 [4.69661044e-01]
 [4.13103429e-02]
 [1.50304258e-02]
 [6.51372832e-01]
 [1.59123029e-01]
 [3.24921214e-02]
 [4.16980034e-01]
 [1.72585099e-01]
 [5.15118500e-01]
 [4.63952729e-01]
 [1.09782201e-51]
 [7.81200357e-04]
 [7.11392949e-01]
 [1.54865013e-03]
 [2.25606782e-03]
 [4.33395149e-01]
 [3.87729924e-01]
 [9.61446508e-01]
 [4.48858994e-01]
 [7.24092723e-01]
 [5.36305826e-01]
 [1.94330560e-02]
 [8.39222406e-02]
 [6.13463519e-03]
 [8.63267669e-01]
 [3.41754149e-01]
 [2.88145028e-01]
 [1.80351845e-01]
 [5.89775704e-02]
 [6.94328198e-01]
 [7.46214934e-01]
 [4.86708770e-01]
 [8.02799423e-01]
 [3.69389388e-01]
 [5.68408478e-02]
 [2.13094649e-01]
 [5.65266819e-01]
 [2.30958606e-02]
 [9.49026298e-02]
 [4.40232898e-02]
 [9.49459243e-01]
 [3.09288067e-01]
 [4.36660040e-01]
 [7.50165178e-01]
 [8.56506760e-01]
 [2.77588569e-06]
 [4.55882500e-01]
 [4.48762508e-20]
 [1.93573394e-02]
 [8.13123256e-01]
 [9.75281658e-01]
 [9.39502239e-01]
 [8.52583847e-01]
 [3.08753981e-01]
 [3.67644031e-01]
 [5.56924183e-03]
 [6.17991356e-01]
 [8.72726270e-01]
 [9.44904881e-01]
 [4.76550310e-02]
 [5.74298152e-01]
 [8.31473319e-03]
 [4.68688706e-02]
 [5.21781468e-01]
 [5.68683905e-01]
 [1.35880158e-01]
 [4.27833695e-01]
 [5.41524666e-01]
 [1.11613333e-05]
 [3.17486347e-06]
 [1.51474297e-02]
 [9.79610331e-01]
 [8.11621700e-01]
 [4.00217563e-02]
 [9.23207904e-01]
 [1.25932987e-02]
 [5.17577051e-01]
 [9.64469868e-01]
 [5.77858619e-01]
 [3.89069904e-01]
 [7.48007040e-01]
 [2.97433091e-01]
 [5.67164154e-01]
 [4.61226414e-01]
 [6.09675308e-01]
 [8.11262958e-01]
 [9.54965729e-01]
 [1.90255119e-01]
 [1.11776189e-02]
 [3.00224243e-02]
 [2.28114889e-02]
 [8.49259633e-02]
 [9.18831719e-01]
 [2.82228656e-01]
 [2.83731932e-01]
 [4.25911175e-01]
 [6.35585513e-01]
 [5.07868988e-06]
 [4.52845980e-01]
 [7.52256640e-03]
 [6.66864118e-01]
 [9.73942476e-01]
 [7.89723594e-01]
 [8.26051659e-01]
 [1.05781169e-11]
 [1.25771014e-02]
 [7.67528732e-02]
 [4.75774372e-01]
 [7.20734551e-01]
 [6.05672981e-01]
 [9.68530779e-01]
 [5.68913746e-01]
 [2.11179389e-01]
 [4.04444840e-01]
 [2.85954672e-03]
 [7.02211940e-01]
 [4.48738590e-02]
 [1.27853740e-05]
 [5.30821832e-02]
 [6.74844278e-01]
 [2.48993725e-01]
 [5.43368911e-01]
 [1.03792549e-01]
 [3.91193096e-01]
 [9.62261401e-01]
 [9.53062973e-01]
 [8.71630763e-01]
 [1.44665768e-01]
 [1.03571086e-04]
 [6.28490754e-01]
 [8.70419445e-01]
 [9.21738951e-01]
 [8.59434821e-01]
 [8.13694970e-03]
 [8.62560060e-01]
 [5.50320822e-01]
 [1.92545215e-02]
 [2.70690945e-02]
 [2.82838476e-03]
 [4.27510785e-01]
 [2.56893672e-01]
 [2.22253912e-01]
 [3.41748903e-02]
 [1.77987754e-01]
 [6.67821532e-03]
 [6.86044640e-01]
 [5.20460294e-01]
 [4.76912104e-01]
 [8.48174512e-01]
 [5.83664794e-01]
 [9.29540628e-01]
 [7.40780049e-01]
 [4.85405542e-01]
 [1.13632548e-02]
 [3.44617635e-01]
 [6.39258960e-03]
 [4.52843754e-01]
 [9.06968598e-01]
 [7.22969571e-01]
 [2.92765509e-23]
 [8.34638256e-01]
 [5.20545681e-01]
 [1.30478677e-01]
 [4.59651585e-01]
 [2.01752208e-09]
 [9.11230673e-01]
 [7.18336078e-01]
 [1.28736027e-01]
 [3.99912142e-01]
 [2.73783625e-02]
 [3.63993011e-01]
 [9.32727416e-01]
 [5.72998772e-02]
 [6.68819832e-01]
 [7.94117706e-01]
 [8.69316530e-02]
 [1.61602320e-01]
 [6.88839945e-01]
 [4.52482038e-01]
 [9.09770006e-01]
 [2.36573954e-01]
 [2.82991904e-09]
 [8.81852815e-01]
 [3.09876141e-01]
 [8.52819650e-01]
 [6.56162147e-01]
 [1.61611925e-01]
 [5.95254672e-01]
 [7.57574071e-01]
 [1.75653281e-01]
 [3.52051306e-01]
 [7.71894891e-01]
 [7.32114143e-01]
 [2.04043961e-01]
 [3.22113761e-01]
 [5.98847613e-04]
 [5.21004490e-02]
 [9.75322747e-01]
 [5.79509026e-02]
 [2.89518977e-03]
 [6.13588521e-01]
 [2.85205694e-01]
 [7.29494423e-01]
 [8.36185239e-01]
 [8.19960254e-01]
 [1.40207544e-01]
 [2.57879152e-01]
 [1.27822864e-12]
 [3.75608010e-01]
 [3.81169207e-01]
 [6.95799292e-01]
 [7.21411251e-01]
 [3.06247170e-01]
 [9.14000471e-03]
 [5.46246737e-09]
 [2.43449919e-01]
 [3.37429231e-01]
 [4.38657641e-05]
 [2.08805543e-02]
 [1.10244889e-01]
 [8.88179655e-01]
 [8.05739459e-01]
 [8.31272850e-01]
 [2.66548763e-01]
 [9.63294291e-01]
 [9.20558168e-01]
 [3.25824162e-01]
 [2.27157850e-09]
 [8.65145551e-01]
 [5.96680342e-01]
 [3.57016102e-01]
 [3.25374169e-01]
 [2.07267203e-06]
 [6.98984182e-05]
 [6.74492720e-01]
 [8.87536706e-01]
 [1.53152364e-67]
 [1.88520823e-02]
 [1.75662111e-01]
 [8.15124436e-01]
 [9.16036694e-01]
 [2.55495405e-05]
 [6.10002375e-02]
 [5.55509300e-01]
 [4.62286040e-01]
 [2.34859800e-01]
 [1.84965041e-09]
 [1.98559875e-02]
 [4.38534557e-02]
 [7.16531263e-02]
 [6.56914204e-02]
 [6.90044161e-01]
 [4.29184986e-01]
 [9.63841412e-01]
 [4.49827225e-01]
 [6.89015220e-01]
 [5.43972006e-01]
 [9.88974087e-04]
 [3.81956530e-01]
 [9.07015332e-01]
 [1.49888892e-01]
 [2.63672440e-01]
 [3.39961371e-01]
 [1.04798388e-06]
 [8.56713209e-01]
 [2.03825100e-01]
 [4.90853807e-01]
 [5.51465042e-01]
 [1.58867814e-01]
 [9.32691843e-01]
 [6.34487994e-01]
 [8.59528713e-01]
 [1.19852424e-03]
 [9.46679170e-01]
 [9.16175417e-01]
 [2.63130923e-01]
 [1.98728505e-01]
 [5.56693816e-01]
 [1.32075129e-01]
 [5.73748913e-01]
 [3.36512418e-01]
 [9.16027225e-02]
 [8.35201511e-01]
 [2.63981863e-09]
 [3.59025308e-01]
 [3.28513443e-01]
 [6.82388589e-03]
 [1.55768859e-01]
 [1.89487603e-01]
 [6.51405041e-01]
 [8.23791555e-01]
 [1.59364564e-55]
 [9.65107237e-01]
 [3.53209437e-01]
 [3.54041293e-01]
 [3.96127062e-02]
 [3.56325781e-01]
 [1.78154572e-03]
 [1.49068218e-01]
 [3.19953262e-01]
 [9.48781375e-01]
 [5.15073680e-01]
 [5.64791944e-01]
 [1.15664870e-15]
 [3.65776063e-01]
 [9.22340145e-01]
 [2.36445410e-02]
 [2.46465773e-01]
 [6.51642084e-01]
 [4.83727916e-01]
 [9.79977219e-01]
 [6.01580315e-02]
 [8.28374090e-02]
 [1.23549779e-01]
 [1.95955826e-01]
 [2.27038368e-05]
 [3.91486031e-01]
 [5.15484360e-02]
 [8.27494545e-35]
 [2.16845256e-01]
 [7.12554284e-01]
 [5.61348789e-08]
 [6.06232598e-02]
 [9.65390737e-01]
 [3.69976248e-31]
 [1.88486896e-01]
 [9.26582379e-06]
 [2.58085029e-01]
 [2.40176882e-02]
 [2.79851042e-03]
 [2.57472124e-02]
 [5.89862803e-04]
 [1.65706605e-01]
 [5.24291531e-01]
 [5.59793879e-01]
 [7.22598831e-01]
 [3.43437528e-01]
 [2.83844652e-01]
 [6.86926741e-01]
 [1.59360637e-01]
 [6.89313884e-02]
 [2.77661666e-01]
 [1.82053945e-01]
 [4.19432068e-01]
 [3.12913940e-01]
 [8.76065576e-01]
 [2.10482844e-01]
 [5.91577638e-02]
 [1.67303484e-02]
 [9.64910340e-01]
 [4.36631810e-01]
 [3.01853719e-01]
 [9.79476697e-01]
 [1.89060216e-02]
 [8.43677178e-10]
 [7.77641662e-02]
 [1.06921932e-01]
 [2.14096001e-01]
 [9.31099945e-01]
 [7.04180482e-52]
 [1.73397616e-03]
 [1.80840935e-01]
 [1.29248710e-02]
 [9.50230776e-01]
 [9.38588754e-01]
 [1.72796000e-05]
 [1.35710876e-01]
 [4.07178401e-07]
 [7.03304406e-01]
 [3.25358355e-01]
 [2.59101740e-01]
 [9.22269997e-01]
 [3.40519396e-01]
 [4.67160574e-02]
 [4.35843742e-06]
 [2.23646817e-01]
 [2.62984533e-02]
 [7.20809221e-11]
 [1.56588440e-02]
 [3.80515515e-02]
 [7.51674786e-01]
 [9.58592044e-01]
 [7.43953229e-01]
 [2.96181734e-01]
 [6.54766552e-02]
 [4.37274134e-05]
 [2.80630539e-01]
 [7.05751684e-48]
 [8.91636532e-01]
 [3.11714992e-01]
 [3.57994309e-04]
 [3.32956497e-07]
 [5.02508243e-02]
 [1.14265176e-01]
 [3.81233334e-01]
 [3.91186547e-01]
 [2.56979255e-01]
 [2.85893899e-01]
 [6.02961574e-01]
 [1.10520653e-01]
 [8.71865769e-01]
 [7.04891273e-02]
 [6.91879833e-33]
 [4.07827273e-01]
 [7.78707294e-01]
 [5.94598117e-01]
 [4.57478530e-01]
 [8.25581559e-01]
 [1.07464516e-01]
 [5.07902097e-02]
 [8.33828245e-01]
 [9.80828122e-01]
 [3.79235203e-01]
 [9.63205442e-01]
 [2.12765420e-02]
 [2.65003226e-02]
 [4.78994005e-02]
 [1.79086204e-08]
 [2.23940524e-02]
 [8.32118607e-02]
 [4.38306716e-01]
 [2.00960510e-01]
 [3.39492597e-02]
 [2.37540250e-01]
 [2.76310247e-01]
 [5.78831494e-01]
 [9.61089952e-01]
 [6.98769126e-02]
 [3.15153902e-01]
 [3.47168303e-02]
 [3.35586343e-02]
 [1.31190123e-01]
 [3.54611846e-07]
 [8.94111595e-01]
 [5.55325469e-01]
 [1.88698566e-01]
 [5.29310260e-16]
 [1.78066626e-01]
 [6.25847927e-02]
 [3.17151546e-01]
 [4.39580965e-01]
 [5.60260884e-01]
 [2.73207521e-01]
 [5.16501384e-01]
 [9.07112196e-01]
 [4.50517821e-01]
 [1.22782881e-01]
 [2.06200759e-05]
 [4.34540709e-01]
 [9.12068660e-01]
 [2.05472579e-03]
 [6.92247312e-01]
 [8.21002323e-02]
 [9.72524683e-01]
 [7.83012418e-05]
 [6.33600792e-01]
 [2.18834845e-01]
 [8.83685979e-01]
 [6.05649647e-02]
 [7.19070043e-01]
 [8.76734644e-01]
 [4.30318244e-06]
 [3.56016351e-02]
 [9.14602703e-01]
 [8.27559181e-02]
 [1.74572732e-05]
 [2.27241017e-01]
 [8.16237049e-02]
 [9.70864599e-01]
 [9.31255599e-01]
 [4.36984464e-01]
 [9.49863800e-01]
 [2.48370803e-05]
 [5.20700182e-01]
 [8.04831734e-03]
 [1.24263812e-01]
 [9.61898792e-01]
 [9.31963458e-01]
 [3.13889131e-01]
 [8.98020531e-01]
 [2.28678319e-02]
 [1.12228312e-03]
 [1.37194511e-08]
 [8.75067563e-01]
 [7.32467903e-01]
 [2.42169330e-01]
 [5.98084130e-02]
 [9.80003870e-01]
 [8.01191166e-02]
 [7.12608366e-02]
 [1.74229794e-01]
 [1.19284690e-02]
 [1.71889883e-01]
 [6.82185166e-01]
 [3.54163469e-03]
 [7.10661881e-01]
 [7.41702828e-02]
 [8.67419044e-02]
 [3.03727737e-02]
 [1.99204607e-01]
 [4.40209086e-01]
 [5.24379568e-01]
 [4.64476260e-02]
 [4.24667931e-01]
 [1.84550671e-09]
 [3.97381568e-02]
 [3.39765078e-01]
 [9.08663674e-01]
 [3.75382887e-01]
 [1.49053074e-01]
 [5.42860882e-01]
 [7.98383617e-01]
 [9.33699742e-01]
 [5.40288768e-01]
 [2.66171548e-02]
 [5.15199178e-03]
 [4.75652052e-01]
 [3.63971334e-01]
 [5.31806300e-01]
 [6.93167710e-02]
 [5.27071119e-01]
 [2.06734903e-03]
 [9.33439591e-01]
 [4.78951035e-01]
 [1.77837254e-01]
 [9.08023670e-01]
 [9.73707845e-01]
 [5.99510598e-01]
 [8.03933506e-01]
 [6.39354934e-01]
 [1.40136824e-01]
 [9.81117378e-10]
 [3.42232963e-01]
 [6.40943103e-01]
 [8.12891985e-01]
 [9.71949612e-01]
 [2.12446114e-02]
 [1.39545592e-01]
 [3.61545311e-01]
 [2.81607097e-08]
 [9.07354521e-01]
 [7.87953928e-01]
 [7.30024628e-02]
 [3.61416596e-01]
 [3.24232668e-03]
 [7.88342568e-06]
 [6.55720225e-01]
 [1.35885683e-01]
 [3.54909485e-01]
 [5.17330342e-54]
 [3.89723175e-01]
 [7.29663172e-02]
 [2.91515225e-01]
 [1.93968000e-01]
 [9.14922210e-01]
 [2.63836945e-01]
 [4.91313285e-01]
 [5.46865565e-01]
 [8.24817049e-01]
 [2.98291140e-03]
 [5.37916956e-01]
 [8.41480464e-01]
 [5.47337557e-02]
 [3.39556273e-01]
 [5.14806984e-01]
 [3.00069033e-01]
 [8.84286746e-01]
 [9.73688779e-01]
 [3.62544567e-01]
 [1.11989440e-01]
 [2.09410690e-01]
 [1.03306208e-44]
 [1.78372631e-01]
 [8.07154177e-01]
 [1.09864321e-01]
 [4.04277750e-01]
 [7.51225964e-01]
 [6.13786855e-01]
 [5.74816442e-02]
 [1.24602458e-01]
 [9.55471856e-01]
 [9.50245362e-01]
 [1.13351349e-04]
 [1.80365451e-01]
 [3.31527262e-01]
 [6.49668731e-03]
 [1.41592696e-01]
 [9.36739552e-01]
 [5.18882259e-01]
 [3.46473730e-01]
 [4.54320990e-01]
 [2.08876304e-01]
 [2.84263934e-01]
 [1.17650463e-04]
 [3.48424393e-02]
 [5.56625469e-01]
 [5.73422230e-02]
 [7.00805888e-01]
 [6.47625409e-02]
 [4.46297185e-01]
 [2.13958401e-01]
 [2.68719341e-02]
 [2.05135150e-01]
 [6.62048822e-02]
 [5.95213519e-01]
 [7.71107896e-01]
 [2.52104406e-01]
 [5.06192264e-02]
 [8.14734522e-01]
 [8.30645944e-01]
 [4.52836278e-01]
 [4.87246918e-01]
 [4.35428726e-01]
 [9.59711413e-01]
 [9.46149498e-01]
 [7.85767923e-01]
 [3.60178878e-01]
 [7.49406654e-02]
 [5.61184457e-01]
 [9.22516956e-01]
 [9.25784120e-01]
 [5.09335347e-01]
 [9.10483881e-01]
 [1.61823362e-01]
 [9.78773029e-01]
 [4.27494689e-02]
 [8.53551129e-01]
 [6.88003972e-02]
 [3.92133292e-11]
 [4.22977476e-01]
 [2.59708852e-01]
 [9.43078962e-01]
 [2.66291443e-02]]

Y Output
[[1.]
 [0.]
 [1.]
 [0.]
 [1.]
 [0.]
 [1.]
 [0.]
 [1.]
 [1.]
 [0.]
 [1.]
 [0.]
 [1.]
 [1.]
 [1.]
 [1.]
 [1.]
 [0.]
 [1.]
 [0.]
 [0.]
 [1.]
 [1.]
 [1.]
 [1.]
 [1.]
 [0.]
 [0.]
 [0.]
 [0.]
 [1.]
 [0.]
 [0.]
 [0.]
 [0.]
 [0.]
 [1.]
 [1.]
 [1.]
 [0.]
 [0.]
 [0.]
 [1.]
 [0.]
 [1.]
 [0.]
 [0.]
 [1.]
 [0.]
 [0.]
 [0.]
 [0.]
 [1.]
 [0.]
 [0.]
 [1.]
 [0.]
 [0.]
 [0.]
 [0.]
 [1.]
 [0.]
 [0.]
 [1.]
 [0.]
 [1.]
 [0.]
 [0.]
 [0.]
 [1.]
 [0.]
 [1.]
 [0.]
 [0.]
 [0.]
 [0.]
 [0.]
 [1.]
 [0.]
 [0.]
 [0.]
 [0.]
 [0.]
 [1.]
 [0.]
 [0.]
 [0.]
 [1.]
 [0.]
 [0.]
 [0.]
 [0.]
 [1.]
 [0.]
 [0.]
 [0.]
 [0.]
 [0.]
 [1.]
 [1.]
 [0.]
 [0.]
 [0.]
 [0.]
 [0.]
 [0.]
 [0.]
 [0.]
 [1.]
 [1.]
 [1.]
 [0.]
 [0.]
 [1.]
 [1.]
 [1.]
 [0.]
 [0.]
 [0.]
 [1.]
 [0.]
 [0.]
 [0.]
 [1.]
 [1.]
 [0.]
 [0.]
 [1.]
 [1.]
 [1.]
 [1.]
 [1.]
 [0.]
 [0.]
 [0.]
 [0.]
 [0.]
 [0.]
 [0.]
 [0.]
 [0.]
 [0.]
 [1.]
 [0.]
 [0.]
 [0.]
 [0.]
 [0.]
 [0.]
 [0.]
 [0.]
 [1.]
 [0.]
 [1.]
 [1.]
 [0.]
 [0.]
 [0.]
 [1.]
 [0.]
 [0.]
 [0.]
 [0.]
 [1.]
 [1.]
 [0.]
 [0.]
 [0.]
 [0.]
 [1.]
 [1.]
 [0.]
 [0.]
 [0.]
 [1.]
 [0.]
 [1.]
 [0.]
 [1.]
 [0.]
 [0.]
 [0.]
 [0.]
 [0.]
 [1.]
 [1.]
 [1.]
 [1.]
 [1.]
 [0.]
 [0.]
 [1.]
 [1.]
 [0.]
 [1.]
 [0.]
 [1.]
 [1.]
 [1.]
 [0.]
 [0.]
 [0.]
 [0.]
 [0.]
 [0.]
 [1.]
 [1.]
 [0.]
 [1.]
 [0.]
 [0.]
 [0.]
 [1.]
 [1.]
 [1.]
 [1.]
 [0.]
 [1.]
 [1.]
 [1.]
 [1.]
 [0.]
 [0.]
 [0.]
 [0.]
 [0.]
 [1.]
 [0.]
 [0.]
 [1.]
 [1.]
 [0.]
 [0.]
 [0.]
 [1.]
 [1.]
 [1.]
 [1.]
 [0.]
 [0.]
 [0.]
 [1.]
 [1.]
 [0.]
 [1.]
 [0.]
 [0.]
 [0.]
 [0.]
 [0.]
 [0.]
 [0.]
 [0.]
 [1.]
 [1.]
 [0.]
 [0.]
 [0.]
 [1.]
 [0.]
 [1.]
 [0.]
 [0.]
 [1.]
 [0.]
 [1.]
 [0.]
 [0.]
 [1.]
 [1.]
 [0.]
 [0.]
 [0.]
 [0.]
 [0.]
 [1.]
 [0.]
 [0.]
 [0.]
 [1.]
 [0.]
 [0.]
 [1.]
 [1.]
 [0.]
 [0.]
 [1.]
 [0.]
 [0.]
 [0.]
 [1.]
 [1.]
 [1.]
 [0.]
 [0.]
 [1.]
 [0.]
 [1.]
 [0.]
 [1.]
 [1.]
 [0.]
 [1.]
 [0.]
 [0.]
 [1.]
 [0.]
 [1.]
 [1.]
 [0.]
 [0.]
 [1.]
 [0.]
 [1.]
 [0.]
 [0.]
 [1.]
 [0.]
 [1.]
 [0.]
 [1.]
 [1.]
 [1.]
 [0.]
 [0.]
 [1.]
 [0.]
 [1.]
 [0.]
 [0.]
 [0.]
 [1.]
 [0.]
 [0.]
 [0.]
 [0.]
 [1.]
 [1.]
 [1.]
 [0.]
 [0.]
 [0.]
 [0.]
 [0.]
 [0.]
 [0.]
 [0.]
 [0.]
 [1.]
 [0.]
 [0.]
 [0.]
 [0.]
 [0.]
 [1.]
 [1.]
 [1.]
 [0.]
 [1.]
 [1.]
 [0.]
 [0.]
 [1.]
 [0.]
 [0.]
 [1.]
 [0.]
 [0.]
 [1.]
 [1.]
 [0.]
 [0.]
 [0.]
 [0.]
 [1.]
 [0.]
 [0.]
 [1.]
 [0.]
 [0.]
 [0.]
 [0.]
 [0.]
 [0.]
 [0.]
 [1.]
 [1.]
 [1.]
 [0.]
 [0.]
 [1.]
 [0.]
 [0.]
 [1.]
 [0.]
 [0.]
 [1.]
 [0.]
 [1.]
 [1.]
 [0.]
 [1.]
 [0.]
 [1.]
 [0.]
 [1.]
 [0.]
 [1.]
 [1.]
 [0.]
 [0.]
 [0.]
 [0.]
 [1.]
 [1.]
 [0.]
 [1.]
 [0.]
 [1.]
 [0.]
 [0.]
 [0.]
 [0.]
 [1.]
 [1.]
 [0.]
 [1.]
 [0.]
 [1.]
 [0.]
 [0.]
 [0.]
 [0.]
 [0.]
 [1.]
 [0.]
 [0.]
 [0.]
 [0.]
 [1.]
 [0.]
 [0.]
 [1.]
 [1.]
 [1.]
 [0.]
 [0.]
 [1.]
 [0.]
 [0.]
 [1.]
 [0.]
 [0.]
 [0.]
 [1.]
 [0.]
 [0.]
 [1.]
 [0.]
 [0.]
 [0.]
 [0.]
 [0.]
 [0.]
 [0.]
 [0.]
 [0.]
 [1.]
 [0.]
 [0.]
 [0.]
 [0.]
 [0.]
 [0.]
 [0.]
 [1.]
 [0.]
 [0.]
 [0.]
 [1.]
 [0.]
 [0.]
 [0.]
 [1.]
 [1.]
 [0.]
 [0.]
 [0.]
 [0.]
 [0.]
 [0.]
 [0.]
 [1.]
 [0.]
 [0.]
 [0.]
 [0.]
 [1.]
 [0.]
 [0.]
 [0.]
 [1.]
 [0.]
 [0.]
 [0.]
 [1.]
 [0.]
 [0.]
 [0.]
 [1.]
 [0.]
 [0.]
 [0.]
 [0.]
 [1.]
 [1.]
 [0.]
 [0.]
 [0.]
 [0.]
 [0.]
 [0.]
 [1.]
 [0.]
 [0.]
 [0.]
 [0.]
 [0.]
 [0.]
 [0.]
 [0.]
 [0.]
 [0.]
 [0.]
 [1.]
 [0.]
 [0.]
 [0.]
 [1.]
 [1.]
 [1.]
 [1.]
 [0.]
 [0.]
 [1.]
 [1.]
 [0.]
 [0.]
 [0.]
 [0.]
 [0.]
 [0.]
 [0.]
 [0.]
 [0.]
 [0.]
 [0.]
 [0.]
 [0.]
 [1.]
 [1.]
 [0.]
 [0.]
 [0.]
 [0.]
 [0.]
 [0.]
 [0.]
 [1.]
 [0.]
 [0.]
 [0.]
 [0.]
 [0.]
 [0.]
 [0.]
 [1.]
 [0.]
 [1.]
 [1.]
 [0.]
 [0.]
 [0.]
 [1.]
 [0.]
 [1.]
 [0.]
 [1.]
 [0.]
 [1.]
 [0.]
 [1.]
 [0.]
 [0.]
 [1.]
 [0.]
 [0.]
 [1.]
 [0.]
 [0.]
 [0.]
 [0.]
 [1.]
 [1.]
 [0.]
 [1.]
 [0.]
 [0.]
 [0.]
 [0.]
 [1.]
 [1.]
 [0.]
 [1.]
 [0.]
 [0.]
 [0.]
 [1.]
 [1.]
 [0.]
 [0.]
 [0.]
 [0.]
 [0.]
 [0.]
 [0.]
 [0.]
 [0.]
 [0.]
 [1.]
 [0.]
 [0.]
 [0.]
 [0.]
 [1.]
 [0.]
 [0.]
 [1.]
 [0.]
 [0.]
 [0.]
 [1.]
 [0.]
 [0.]
 [0.]
 [1.]
 [1.]
 [1.]
 [0.]
 [0.]
 [0.]
 [0.]
 [0.]
 [0.]
 [1.]
 [0.]
 [0.]
 [0.]
 [1.]
 [0.]
 [1.]
 [1.]
 [1.]
 [1.]
 [0.]
 [1.]
 [1.]
 [0.]
 [0.]
 [0.]
 [0.]
 [0.]
 [0.]
 [0.]
 [1.]
 [1.]
 [0.]
 [1.]
 [0.]
 [0.]
 [1.]
 [0.]
 [1.]
 [0.]
 [0.]
 [0.]
 [0.]
 [0.]
 [1.]
 [0.]
 [1.]
 [0.]
 [1.]
 [0.]
 [1.]
 [1.]
 [0.]
 [0.]
 [0.]
 [0.]
 [1.]
 [1.]
 [0.]
 [0.]
 [0.]
 [1.]
 [0.]
 [1.]
 [1.]
 [0.]
 [0.]
 [1.]
 [0.]
 [0.]
 [1.]
 [1.]
 [0.]
 [0.]
 [1.]
 [0.]
 [0.]
 [1.]
 [0.]
 [0.]
 [0.]
 [0.]
 [0.]
 [0.]
 [0.]
 [1.]
 [1.]
 [1.]
 [0.]
 [0.]
 [0.]
 [0.]
 [0.]
 [0.]
 [1.]
 [1.]
 [0.]
 [0.]
 [1.]
 [0.]
 [0.]
 [1.]
 [0.]
 [1.]
 [1.]
 [1.]
 [0.]
 [0.]
 [1.]
 [1.]
 [1.]
 [0.]
 [1.]
 [0.]
 [1.]
 [0.]
 [1.]
 [0.]
 [0.]
 [0.]
 [0.]
 [1.]
 [0.]]

Current Hidden Layer :8

Iteration 0: | Error:0.4672386524217284
Iteration 10000: | Error:0.28793539942692165
Iteration 20000: | Error:0.2675577879693454
Iteration 30000: | Error:0.26139606662237785
Iteration 40000: | Error:0.25895062689907405
Iteration 50000: | Error:0.257411167307032
Iteration 60000: | Error:0.25637471898026365
Iteration 70000: | Error:0.2556620972500281
Iteration 80000: | Error:0.25515867000736586
Iteration 90000: | Error:0.25476747353448026

L2 Output after training:
[[9.11793488e-01]
 [2.14777961e-03]
 [8.03024390e-01]
 [7.97008043e-04]
 [7.56824823e-01]
 [7.74040402e-02]
 [5.29402416e-03]
 [5.09153036e-01]
 [9.28819119e-01]
 [1.57826400e-45]
 [2.06208333e-01]
 [5.96310564e-01]
 [2.49468435e-08]
 [8.56970600e-01]
 [9.13196490e-01]
 [4.27996126e-01]
 [3.14116887e-01]
 [2.24352698e-01]
 [9.91236478e-02]
 [3.66364456e-01]
 [2.78129904e-01]
 [4.73349205e-01]
 [7.89268216e-01]
 [1.63514550e-01]
 [5.57362183e-01]
 [4.26991641e-01]
 [6.33014182e-01]
 [1.07780057e-04]
 [9.79299246e-06]
 [3.18849948e-01]
 [2.85584089e-02]
 [7.39733261e-01]
 [2.25368348e-03]
 [1.07574427e-20]
 [4.99195089e-01]
 [5.12087174e-02]
 [4.72578604e-01]
 [4.99116269e-01]
 [6.31565458e-02]
 [6.52970434e-01]
 [7.27415914e-01]
 [5.59212531e-01]
 [1.78149251e-10]
 [8.19993587e-01]
 [8.16777380e-01]
 [9.32461959e-01]
 [7.98256041e-01]
 [1.88350197e-04]
 [2.88830420e-01]
 [1.08590631e-56]
 [1.20848278e-11]
 [2.23291970e-02]
 [1.29071344e-02]
 [9.42233871e-01]
 [8.83363954e-01]
 [1.14911428e-05]
 [8.75827316e-01]
 [2.42922036e-01]
 [9.40956128e-01]
 [7.29342427e-02]
 [1.24920361e-59]
 [5.11206359e-01]
 [4.00130847e-04]
 [1.00385227e-01]
 [4.97431694e-01]
 [6.96863622e-02]
 [4.02567149e-01]
 [8.97295706e-01]
 [3.98859010e-07]
 [2.38219189e-01]
 [1.76601137e-01]
 [3.09357224e-01]
 [4.86499353e-01]
 [9.26109048e-02]
 [1.89763149e-03]
 [1.07357832e-21]
 [1.01710797e-01]
 [1.69172619e-01]
 [8.53494747e-01]
 [1.47257567e-02]
 [3.02413820e-02]
 [5.75110093e-61]
 [1.10530613e-01]
 [1.73177683e-04]
 [4.49295561e-01]
 [1.44330004e-01]
 [1.91493160e-01]
 [1.27864797e-01]
 [4.63891293e-01]
 [8.04276775e-03]
 [3.49794569e-08]
 [3.22652511e-01]
 [1.14368343e-01]
 [6.59357771e-03]
 [4.01042363e-02]
 [6.36771950e-01]
 [2.65958395e-02]
 [2.68772872e-07]
 [4.04817880e-02]
 [3.19077378e-01]
 [9.42340110e-01]
 [2.95796161e-01]
 [2.33140878e-21]
 [1.18469614e-04]
 [1.15803311e-01]
 [1.38394215e-01]
 [3.39716944e-28]
 [7.46996509e-01]
 [2.95945387e-02]
 [2.66998892e-02]
 [4.95483673e-01]
 [8.98145228e-01]
 [4.12986700e-03]
 [2.64059447e-02]
 [8.88482061e-01]
 [9.22552425e-01]
 [4.56388771e-01]
 [6.79326677e-02]
 [3.97495311e-02]
 [7.26047598e-05]
 [7.62515134e-01]
 [1.84136268e-01]
 [6.61354040e-02]
 [8.34414574e-17]
 [3.35372521e-02]
 [2.74438278e-01]
 [3.89077025e-01]
 [1.14879629e-01]
 [4.20008245e-01]
 [3.70291186e-01]
 [8.01971292e-01]
 [7.94509427e-01]
 [7.86291656e-01]
 [2.41450003e-01]
 [4.47107876e-04]
 [3.15834649e-01]
 [1.02775393e-02]
 [2.25403790e-03]
 [3.74028487e-01]
 [1.02419672e-01]
 [4.77618239e-03]
 [3.32216497e-01]
 [8.72325636e-02]
 [4.22574422e-01]
 [3.51373446e-01]
 [1.41417907e-61]
 [1.25681457e-04]
 [2.74857073e-01]
 [2.59512091e-04]
 [1.25343315e-03]
 [2.60258181e-01]
 [2.07473463e-01]
 [9.17470461e-01]
 [2.35917021e-01]
 [6.43285816e-01]
 [5.04725302e-01]
 [4.40864241e-03]
 [1.64283986e-02]
 [2.23140010e-03]
 [7.67853921e-01]
 [1.36502754e-01]
 [1.64985113e-01]
 [1.01808770e-01]
 [2.83288201e-02]
 [4.29249454e-01]
 [4.88842895e-01]
 [3.78651342e-01]
 [6.10713918e-01]
 [2.50340351e-01]
 [3.01614695e-02]
 [1.91945140e-01]
 [4.52034244e-01]
 [8.16850028e-04]
 [3.49762418e-02]
 [8.24762198e-03]
 [8.84631756e-01]
 [2.11752123e-01]
 [4.15388557e-01]
 [6.84869089e-01]
 [7.56383941e-01]
 [3.01388559e-06]
 [2.28101597e-01]
 [1.00665534e-24]
 [9.21830102e-03]
 [6.45409873e-01]
 [9.50393746e-01]
 [9.20489902e-01]
 [6.32829115e-01]
 [1.69945572e-01]
 [2.84627453e-01]
 [4.64404020e-03]
 [4.33044597e-01]
 [7.42291638e-01]
 [9.25070361e-01]
 [1.75031429e-02]
 [4.84277556e-01]
 [3.53499352e-03]
 [1.72432497e-02]
 [2.56897940e-01]
 [4.04531722e-01]
 [4.16778760e-02]
 [3.53822497e-01]
 [1.94438551e-01]
 [1.73691449e-06]
 [2.18499149e-08]
 [6.78533909e-03]
 [9.59501512e-01]
 [6.93357770e-01]
 [1.52548024e-02]
 [8.30533796e-01]
 [3.49721070e-03]
 [3.89709501e-01]
 [9.23929780e-01]
 [4.70185940e-01]
 [3.16401087e-01]
 [6.51917994e-01]
 [1.73787245e-01]
 [3.76436987e-01]
 [1.75342221e-01]
 [5.11020716e-01]
 [5.89957494e-01]
 [9.07549916e-01]
 [1.24480542e-01]
 [9.69181611e-04]
 [6.06574970e-03]
 [9.87088243e-03]
 [3.43565223e-02]
 [8.29192480e-01]
 [4.48513076e-02]
 [2.28663152e-01]
 [3.78760327e-01]
 [5.57001676e-01]
 [3.37220223e-07]
 [3.58469976e-01]
 [2.13572935e-03]
 [5.86844237e-01]
 [9.44062861e-01]
 [6.85340513e-01]
 [6.79311035e-01]
 [3.60658758e-14]
 [4.77133893e-03]
 [3.66201282e-02]
 [3.13946006e-01]
 [5.14210063e-01]
 [4.69668369e-01]
 [9.51801629e-01]
 [4.67715191e-01]
 [5.21617524e-02]
 [3.31004667e-01]
 [1.33653995e-03]
 [5.31851949e-01]
 [2.99315157e-02]
 [2.62618649e-06]
 [1.74113393e-02]
 [4.29392508e-01]
 [1.13167485e-01]
 [1.99409648e-01]
 [6.49269054e-02]
 [3.64233774e-02]
 [9.37194746e-01]
 [8.98129059e-01]
 [6.86506911e-01]
 [6.84608450e-02]
 [2.06683435e-05]
 [4.73548126e-01]
 [6.72058596e-01]
 [7.68028182e-01]
 [7.12538866e-01]
 [2.83261366e-03]
 [6.69499336e-01]
 [4.92970952e-01]
 [7.15393185e-03]
 [9.09964112e-03]
 [1.85153611e-04]
 [3.38355444e-01]
 [1.02853268e-01]
 [1.33826423e-01]
 [6.94952403e-03]
 [2.79115302e-02]
 [2.80105874e-04]
 [5.46938390e-01]
 [4.43853804e-01]
 [3.97310815e-01]
 [7.05384433e-01]
 [3.47606282e-01]
 [8.25497597e-01]
 [5.78194561e-01]
 [3.55747299e-01]
 [4.47331547e-03]
 [2.05740251e-01]
 [1.04710511e-03]
 [2.12181380e-01]
 [8.14027338e-01]
 [5.12643872e-01]
 [3.86409562e-23]
 [7.07302895e-01]
 [2.80119598e-01]
 [3.63325905e-02]
 [3.96865025e-01]
 [3.35718653e-12]
 [7.94675070e-01]
 [4.99910733e-01]
 [5.70494652e-02]
 [3.73359234e-01]
 [5.68749037e-03]
 [2.63912920e-01]
 [8.44157323e-01]
 [2.38592528e-02]
 [3.33717855e-01]
 [5.50320704e-01]
 [2.16946429e-02]
 [6.89365298e-02]
 [4.85395025e-01]
 [2.39469067e-01]
 [7.95915344e-01]
 [1.42332346e-01]
 [9.95358313e-11]
 [7.49192294e-01]
 [2.04636732e-01]
 [6.52523677e-01]
 [4.18542637e-01]
 [1.05866048e-01]
 [2.96877871e-01]
 [5.81456980e-01]
 [1.23960451e-01]
 [2.05334469e-01]
 [5.23885891e-01]
 [6.09367292e-01]
 [1.51657482e-01]
 [1.86829601e-01]
 [3.48661498e-02]
 [2.38435823e-02]
 [9.43390286e-01]
 [7.94915564e-02]
 [7.79055550e-04]
 [5.39488113e-01]
 [1.31867885e-01]
 [5.60152523e-01]
 [7.03218615e-01]
 [7.02449891e-01]
 [5.66562172e-02]
 [4.89653303e-02]
 [2.88011128e-16]
 [3.27609910e-01]
 [1.66498724e-01]
 [5.79228411e-01]
 [4.79203466e-01]
 [9.35842389e-02]
 [3.57386955e-03]
 [7.15025916e-12]
 [1.89618832e-01]
 [2.88191821e-01]
 [2.47138526e-06]
 [3.83570456e-03]
 [5.08547907e-02]
 [7.58801340e-01]
 [4.71161837e-01]
 [6.66424039e-01]
 [1.67256760e-01]
 [9.28371045e-01]
 [8.14861391e-01]
 [1.51721564e-01]
 [7.16193984e-10]
 [7.39584247e-01]
 [4.48147094e-01]
 [1.96502085e-01]
 [2.66027142e-01]
 [1.56975834e-07]
 [1.61704160e-05]
 [4.56895194e-01]
 [7.00055632e-01]
 [1.30461640e-62]
 [4.27874353e-03]
 [7.20996723e-02]
 [5.44966061e-01]
 [8.30796680e-01]
 [1.86943737e-06]
 [1.85366452e-02]
 [5.23321255e-01]
 [2.61205561e-01]
 [7.16831446e-02]
 [7.76711566e-12]
 [1.38716027e-03]
 [4.11297959e-03]
 [3.01678474e-02]
 [2.63131253e-02]
 [4.81100538e-01]
 [3.86840191e-01]
 [9.04378999e-01]
 [1.93594555e-01]
 [2.72439570e-01]
 [5.08097054e-01]
 [3.19799058e-05]
 [1.91282939e-01]
 [8.02096097e-01]
 [3.86755600e-02]
 [2.72313006e-02]
 [1.86140997e-01]
 [3.04024981e-07]
 [7.19369638e-01]
 [1.38923528e-01]
 [1.21423763e-01]
 [4.13609375e-01]
 [1.08242075e-01]
 [8.49023709e-01]
 [5.07134066e-01]
 [6.85758595e-01]
 [2.58930012e-04]
 [9.31273890e-01]
 [8.25959633e-01]
 [1.86534894e-01]
 [8.25345715e-02]
 [2.79679572e-01]
 [7.42135015e-02]
 [3.47589220e-01]
 [2.36500659e-01]
 [1.71557861e-02]
 [7.21982901e-01]
 [7.49809583e-11]
 [1.85892986e-01]
 [2.41112645e-01]
 [1.63332521e-03]
 [6.07186352e-02]
 [1.11517292e-01]
 [5.72784349e-01]
 [6.87701030e-01]
 [2.19700427e-62]
 [9.25067006e-01]
 [2.50369191e-01]
 [1.55480198e-01]
 [6.69756170e-03]
 [1.35669912e-01]
 [1.35767698e-04]
 [9.23532086e-02]
 [5.54079484e-02]
 [8.88803744e-01]
 [4.66138246e-01]
 [4.45744877e-01]
 [2.31373513e-18]
 [2.90992067e-01]
 [8.06373776e-01]
 [7.17616402e-03]
 [1.74282042e-01]
 [4.79398711e-01]
 [3.18330405e-01]
 [9.58679921e-01]
 [1.16117387e-02]
 [2.22574037e-02]
 [3.61215066e-02]
 [9.34366790e-02]
 [1.50819238e-06]
 [2.37077251e-01]
 [1.54224493e-02]
 [1.71691727e-37]
 [1.19203388e-01]
 [5.89633253e-01]
 [8.35517956e-07]
 [2.91027287e-02]
 [9.22198769e-01]
 [1.13861278e-30]
 [3.72034340e-02]
 [7.10513164e-07]
 [1.09854866e-01]
 [9.97915365e-03]
 [4.10131466e-03]
 [6.01339658e-03]
 [6.28685350e-05]
 [5.23012042e-02]
 [3.09034082e-01]
 [5.07282690e-01]
 [5.95238808e-01]
 [2.03209574e-01]
 [1.99546384e-01]
 [5.42327050e-01]
 [1.26710472e-01]
 [2.24737177e-02]
 [8.78004321e-02]
 [1.30942610e-01]
 [2.45400668e-01]
 [9.53728717e-02]
 [7.50640148e-01]
 [1.20922151e-01]
 [2.04414500e-02]
 [3.71558845e-03]
 [9.10318744e-01]
 [3.10131726e-01]
 [1.55000999e-01]
 [9.52712252e-01]
 [1.21293117e-02]
 [1.08417573e-11]
 [2.91182297e-02]
 [4.99420892e-02]
 [9.63444307e-02]
 [8.13190534e-01]
 [3.59687244e-60]
 [2.06979343e-06]
 [1.32734335e-01]
 [2.35030037e-03]
 [9.11047129e-01]
 [8.73636232e-01]
 [2.20846031e-06]
 [7.02114129e-02]
 [7.94319170e-10]
 [4.61985698e-01]
 [1.78893332e-01]
 [2.33264018e-01]
 [8.30698637e-01]
 [1.38051815e-01]
 [7.88703662e-03]
 [1.41925728e-12]
 [1.39145176e-01]
 [6.67985587e-03]
 [1.05619260e-16]
 [3.94803078e-03]
 [1.62203034e-02]
 [5.92731072e-01]
 [9.00261027e-01]
 [6.41780652e-01]
 [2.51071549e-01]
 [1.88210097e-02]
 [4.21557080e-06]
 [1.90076468e-01]
 [3.90352123e-56]
 [7.89564564e-01]
 [2.40826706e-01]
 [1.29941088e-04]
 [2.41776689e-08]
 [3.34744486e-02]
 [3.29444297e-02]
 [1.26654173e-01]
 [1.93203072e-01]
 [1.46964270e-01]
 [7.25796699e-02]
 [2.30574371e-01]
 [1.07547425e-02]
 [7.34317063e-01]
 [2.94814048e-02]
 [1.53664927e-35]
 [1.82911475e-01]
 [5.65617372e-01]
 [4.43391299e-01]
 [2.81783729e-01]
 [6.43808189e-01]
 [7.06593143e-02]
 [1.41872804e-02]
 [6.87674710e-01]
 [9.61382852e-01]
 [2.89082291e-01]
 [9.02615283e-01]
 [2.43077818e-04]
 [1.23132733e-02]
 [1.35152819e-02]
 [1.88691082e-10]
 [5.58369898e-03]
 [2.85146987e-02]
 [2.55553228e-01]
 [8.84867326e-02]
 [4.24238068e-03]
 [1.89072096e-01]
 [2.49499117e-01]
 [4.18621486e-01]
 [9.20727994e-01]
 [2.54422981e-02]
 [1.50424661e-01]
 [5.16066342e-03]
 [6.70777803e-03]
 [7.35261858e-02]
 [5.98508100e-09]
 [7.67399968e-01]
 [3.07103431e-01]
 [9.66022400e-02]
 [1.52760878e-18]
 [7.95409531e-02]
 [3.22496996e-02]
 [8.07120521e-02]
 [1.62493188e-01]
 [2.64876104e-01]
 [1.81110653e-01]
 [4.29831171e-01]
 [6.72659504e-01]
 [3.67206100e-01]
 [6.86359011e-02]
 [2.18224475e-13]
 [3.91622439e-01]
 [7.67889692e-01]
 [5.38802797e-04]
 [5.81643140e-01]
 [7.04556466e-02]
 [9.45176178e-01]
 [1.70174326e-06]
 [5.85714995e-01]
 [1.21732619e-01]
 [7.71135182e-01]
 [4.03748749e-03]
 [4.89725557e-01]
 [7.16849030e-01]
 [6.25464613e-08]
 [4.82139468e-03]
 [8.24987150e-01]
 [1.70775343e-02]
 [1.74975910e-06]
 [5.84020190e-02]
 [2.20921664e-02]
 [9.31765283e-01]
 [8.82339075e-01]
 [2.74020232e-01]
 [8.94202962e-01]
 [1.70212318e-06]
 [3.99703517e-01]
 [2.00685479e-03]
 [6.22619708e-02]
 [9.23712922e-01]
 [8.55324995e-01]
 [2.11445258e-01]
 [8.01878988e-01]
 [1.62103218e-02]
 [1.33770170e-03]
 [1.36855472e-09]
 [7.22800752e-01]
 [4.48105264e-01]
 [1.47873251e-01]
 [1.14405825e-02]
 [9.60900850e-01]
 [3.89644195e-02]
 [4.19813590e-02]
 [8.40674317e-02]
 [5.17675205e-03]
 [8.46272729e-02]
 [5.61682380e-01]
 [2.37287943e-03]
 [5.11304964e-01]
 [2.49016559e-02]
 [4.28740437e-02]
 [1.13281305e-02]
 [1.77748970e-01]
 [3.90325035e-01]
 [3.59259971e-01]
 [1.38852228e-02]
 [3.29578809e-01]
 [2.70831264e-11]
 [5.08685525e-03]
 [2.83734485e-01]
 [7.99716397e-01]
 [6.38658543e-02]
 [4.30020359e-02]
 [4.12288970e-01]
 [6.95485156e-01]
 [8.60512285e-01]
 [4.19008657e-01]
 [8.64812236e-03]
 [9.23447742e-04]
 [2.65236436e-01]
 [2.53587189e-01]
 [3.00216415e-01]
 [3.33004748e-02]
 [3.45099360e-01]
 [3.09164830e-04]
 [7.61912631e-01]
 [4.66528436e-01]
 [4.06566403e-02]
 [7.75894211e-01]
 [9.46249867e-01]
 [5.12844298e-01]
 [6.78364540e-01]
 [4.14418706e-01]
 [6.13003546e-02]
 [2.85234690e-10]
 [2.46065600e-01]
 [3.62785507e-01]
 [6.57446638e-01]
 [9.37872372e-01]
 [6.02741249e-03]
 [1.48811992e-01]
 [3.00479820e-01]
 [2.86166357e-10]
 [7.83528307e-01]
 [5.77714790e-01]
 [2.89544160e-02]
 [2.98847496e-01]
 [3.03948378e-04]
 [3.18580436e-07]
 [6.01646019e-01]
 [7.27547219e-02]
 [2.64566449e-01]
 [3.00175999e-47]
 [2.15296170e-01]
 [5.26896718e-02]
 [1.07090941e-01]
 [4.17966128e-02]
 [8.52190718e-01]
 [1.95146827e-01]
 [4.87299345e-01]
 [3.83092927e-01]
 [6.83237047e-01]
 [1.20712840e-03]
 [3.85672255e-01]
 [6.88969624e-01]
 [7.92487844e-03]
 [2.19762476e-01]
 [4.43844389e-01]
 [1.77125023e-01]
 [7.02950427e-01]
 [9.38961999e-01]
 [1.20023713e-01]
 [7.78577638e-02]
 [1.45317071e-01]
 [3.48264271e-54]
 [1.00955516e-01]
 [6.68332234e-01]
 [4.42629720e-02]
 [2.27635616e-01]
 [5.41279655e-01]
 [5.34076414e-01]
 [1.35211805e-02]
 [8.62899880e-02]
 [9.17393887e-01]
 [8.95954666e-01]
 [1.66711400e-11]
 [5.67125339e-02]
 [1.64012391e-01]
 [4.31049173e-03]
 [7.81558888e-02]
 [8.31919116e-01]
 [4.19451693e-01]
 [2.30694573e-01]
 [3.28917405e-01]
 [1.01097662e-01]
 [1.80302035e-01]
 [3.34815467e-06]
 [1.71037676e-02]
 [3.51711864e-01]
 [7.84985816e-02]
 [6.04467852e-01]
 [2.19226988e-02]
 [1.51049965e-01]
 [1.15603820e-01]
 [7.85535626e-03]
 [9.38952323e-02]
 [2.83949832e-02]
 [4.71873498e-01]
 [6.85078618e-01]
 [1.09817132e-01]
 [1.98986016e-02]
 [6.81356638e-01]
 [7.26830186e-01]
 [3.16758078e-01]
 [4.45335211e-01]
 [2.63862932e-01]
 [9.12830393e-01]
 [8.82641601e-01]
 [5.97559867e-01]
 [2.41314807e-01]
 [3.68401830e-02]
 [4.22338719e-01]
 [8.28171738e-01]
 [7.97321290e-01]
 [3.58979856e-01]
 [8.15138505e-01]
 [9.53806584e-02]
 [9.57085803e-01]
 [8.75772233e-03]
 [7.72757459e-01]
 [6.73041162e-02]
 [3.19257977e-11]
 [3.08703238e-01]
 [1.68819800e-01]
 [8.29911478e-01]
 [8.69993907e-03]]

Y Output
[[1.]
 [0.]
 [1.]
 [0.]
 [1.]
 [0.]
 [1.]
 [0.]
 [1.]
 [1.]
 [0.]
 [1.]
 [0.]
 [1.]
 [1.]
 [1.]
 [1.]
 [1.]
 [0.]
 [1.]
 [0.]
 [0.]
 [1.]
 [1.]
 [1.]
 [1.]
 [1.]
 [0.]
 [0.]
 [0.]
 [0.]
 [1.]
 [0.]
 [0.]
 [0.]
 [0.]
 [0.]
 [1.]
 [1.]
 [1.]
 [0.]
 [0.]
 [0.]
 [1.]
 [0.]
 [1.]
 [0.]
 [0.]
 [1.]
 [0.]
 [0.]
 [0.]
 [0.]
 [1.]
 [0.]
 [0.]
 [1.]
 [0.]
 [0.]
 [0.]
 [0.]
 [1.]
 [0.]
 [0.]
 [1.]
 [0.]
 [1.]
 [0.]
 [0.]
 [0.]
 [1.]
 [0.]
 [1.]
 [0.]
 [0.]
 [0.]
 [0.]
 [0.]
 [1.]
 [0.]
 [0.]
 [0.]
 [0.]
 [0.]
 [1.]
 [0.]
 [0.]
 [0.]
 [1.]
 [0.]
 [0.]
 [0.]
 [0.]
 [1.]
 [0.]
 [0.]
 [0.]
 [0.]
 [0.]
 [1.]
 [1.]
 [0.]
 [0.]
 [0.]
 [0.]
 [0.]
 [0.]
 [0.]
 [0.]
 [1.]
 [1.]
 [1.]
 [0.]
 [0.]
 [1.]
 [1.]
 [1.]
 [0.]
 [0.]
 [0.]
 [1.]
 [0.]
 [0.]
 [0.]
 [1.]
 [1.]
 [0.]
 [0.]
 [1.]
 [1.]
 [1.]
 [1.]
 [1.]
 [0.]
 [0.]
 [0.]
 [0.]
 [0.]
 [0.]
 [0.]
 [0.]
 [0.]
 [0.]
 [1.]
 [0.]
 [0.]
 [0.]
 [0.]
 [0.]
 [0.]
 [0.]
 [0.]
 [1.]
 [0.]
 [1.]
 [1.]
 [0.]
 [0.]
 [0.]
 [1.]
 [0.]
 [0.]
 [0.]
 [0.]
 [1.]
 [1.]
 [0.]
 [0.]
 [0.]
 [0.]
 [1.]
 [1.]
 [0.]
 [0.]
 [0.]
 [1.]
 [0.]
 [1.]
 [0.]
 [1.]
 [0.]
 [0.]
 [0.]
 [0.]
 [0.]
 [1.]
 [1.]
 [1.]
 [1.]
 [1.]
 [0.]
 [0.]
 [1.]
 [1.]
 [0.]
 [1.]
 [0.]
 [1.]
 [1.]
 [1.]
 [0.]
 [0.]
 [0.]
 [0.]
 [0.]
 [0.]
 [1.]
 [1.]
 [0.]
 [1.]
 [0.]
 [0.]
 [0.]
 [1.]
 [1.]
 [1.]
 [1.]
 [0.]
 [1.]
 [1.]
 [1.]
 [1.]
 [0.]
 [0.]
 [0.]
 [0.]
 [0.]
 [1.]
 [0.]
 [0.]
 [1.]
 [1.]
 [0.]
 [0.]
 [0.]
 [1.]
 [1.]
 [1.]
 [1.]
 [0.]
 [0.]
 [0.]
 [1.]
 [1.]
 [0.]
 [1.]
 [0.]
 [0.]
 [0.]
 [0.]
 [0.]
 [0.]
 [0.]
 [0.]
 [1.]
 [1.]
 [0.]
 [0.]
 [0.]
 [1.]
 [0.]
 [1.]
 [0.]
 [0.]
 [1.]
 [0.]
 [1.]
 [0.]
 [0.]
 [1.]
 [1.]
 [0.]
 [0.]
 [0.]
 [0.]
 [0.]
 [1.]
 [0.]
 [0.]
 [0.]
 [1.]
 [0.]
 [0.]
 [1.]
 [1.]
 [0.]
 [0.]
 [1.]
 [0.]
 [0.]
 [0.]
 [1.]
 [1.]
 [1.]
 [0.]
 [0.]
 [1.]
 [0.]
 [1.]
 [0.]
 [1.]
 [1.]
 [0.]
 [1.]
 [0.]
 [0.]
 [1.]
 [0.]
 [1.]
 [1.]
 [0.]
 [0.]
 [1.]
 [0.]
 [1.]
 [0.]
 [0.]
 [1.]
 [0.]
 [1.]
 [0.]
 [1.]
 [1.]
 [1.]
 [0.]
 [0.]
 [1.]
 [0.]
 [1.]
 [0.]
 [0.]
 [0.]
 [1.]
 [0.]
 [0.]
 [0.]
 [0.]
 [1.]
 [1.]
 [1.]
 [0.]
 [0.]
 [0.]
 [0.]
 [0.]
 [0.]
 [0.]
 [0.]
 [0.]
 [1.]
 [0.]
 [0.]
 [0.]
 [0.]
 [0.]
 [1.]
 [1.]
 [1.]
 [0.]
 [1.]
 [1.]
 [0.]
 [0.]
 [1.]
 [0.]
 [0.]
 [1.]
 [0.]
 [0.]
 [1.]
 [1.]
 [0.]
 [0.]
 [0.]
 [0.]
 [1.]
 [0.]
 [0.]
 [1.]
 [0.]
 [0.]
 [0.]
 [0.]
 [0.]
 [0.]
 [0.]
 [1.]
 [1.]
 [1.]
 [0.]
 [0.]
 [1.]
 [0.]
 [0.]
 [1.]
 [0.]
 [0.]
 [1.]
 [0.]
 [1.]
 [1.]
 [0.]
 [1.]
 [0.]
 [1.]
 [0.]
 [1.]
 [0.]
 [1.]
 [1.]
 [0.]
 [0.]
 [0.]
 [0.]
 [1.]
 [1.]
 [0.]
 [1.]
 [0.]
 [1.]
 [0.]
 [0.]
 [0.]
 [0.]
 [1.]
 [1.]
 [0.]
 [1.]
 [0.]
 [1.]
 [0.]
 [0.]
 [0.]
 [0.]
 [0.]
 [1.]
 [0.]
 [0.]
 [0.]
 [0.]
 [1.]
 [0.]
 [0.]
 [1.]
 [1.]
 [1.]
 [0.]
 [0.]
 [1.]
 [0.]
 [0.]
 [1.]
 [0.]
 [0.]
 [0.]
 [1.]
 [0.]
 [0.]
 [1.]
 [0.]
 [0.]
 [0.]
 [0.]
 [0.]
 [0.]
 [0.]
 [0.]
 [0.]
 [1.]
 [0.]
 [0.]
 [0.]
 [0.]
 [0.]
 [0.]
 [0.]
 [1.]
 [0.]
 [0.]
 [0.]
 [1.]
 [0.]
 [0.]
 [0.]
 [1.]
 [1.]
 [0.]
 [0.]
 [0.]
 [0.]
 [0.]
 [0.]
 [0.]
 [1.]
 [0.]
 [0.]
 [0.]
 [0.]
 [1.]
 [0.]
 [0.]
 [0.]
 [1.]
 [0.]
 [0.]
 [0.]
 [1.]
 [0.]
 [0.]
 [0.]
 [1.]
 [0.]
 [0.]
 [0.]
 [0.]
 [1.]
 [1.]
 [0.]
 [0.]
 [0.]
 [0.]
 [0.]
 [0.]
 [1.]
 [0.]
 [0.]
 [0.]
 [0.]
 [0.]
 [0.]
 [0.]
 [0.]
 [0.]
 [0.]
 [0.]
 [1.]
 [0.]
 [0.]
 [0.]
 [1.]
 [1.]
 [1.]
 [1.]
 [0.]
 [0.]
 [1.]
 [1.]
 [0.]
 [0.]
 [0.]
 [0.]
 [0.]
 [0.]
 [0.]
 [0.]
 [0.]
 [0.]
 [0.]
 [0.]
 [0.]
 [1.]
 [1.]
 [0.]
 [0.]
 [0.]
 [0.]
 [0.]
 [0.]
 [0.]
 [1.]
 [0.]
 [0.]
 [0.]
 [0.]
 [0.]
 [0.]
 [0.]
 [1.]
 [0.]
 [1.]
 [1.]
 [0.]
 [0.]
 [0.]
 [1.]
 [0.]
 [1.]
 [0.]
 [1.]
 [0.]
 [1.]
 [0.]
 [1.]
 [0.]
 [0.]
 [1.]
 [0.]
 [0.]
 [1.]
 [0.]
 [0.]
 [0.]
 [0.]
 [1.]
 [1.]
 [0.]
 [1.]
 [0.]
 [0.]
 [0.]
 [0.]
 [1.]
 [1.]
 [0.]
 [1.]
 [0.]
 [0.]
 [0.]
 [1.]
 [1.]
 [0.]
 [0.]
 [0.]
 [0.]
 [0.]
 [0.]
 [0.]
 [0.]
 [0.]
 [0.]
 [1.]
 [0.]
 [0.]
 [0.]
 [0.]
 [1.]
 [0.]
 [0.]
 [1.]
 [0.]
 [0.]
 [0.]
 [1.]
 [0.]
 [0.]
 [0.]
 [1.]
 [1.]
 [1.]
 [0.]
 [0.]
 [0.]
 [0.]
 [0.]
 [0.]
 [1.]
 [0.]
 [0.]
 [0.]
 [1.]
 [0.]
 [1.]
 [1.]
 [1.]
 [1.]
 [0.]
 [1.]
 [1.]
 [0.]
 [0.]
 [0.]
 [0.]
 [0.]
 [0.]
 [0.]
 [1.]
 [1.]
 [0.]
 [1.]
 [0.]
 [0.]
 [1.]
 [0.]
 [1.]
 [0.]
 [0.]
 [0.]
 [0.]
 [0.]
 [1.]
 [0.]
 [1.]
 [0.]
 [1.]
 [0.]
 [1.]
 [1.]
 [0.]
 [0.]
 [0.]
 [0.]
 [1.]
 [1.]
 [0.]
 [0.]
 [0.]
 [1.]
 [0.]
 [1.]
 [1.]
 [0.]
 [0.]
 [1.]
 [0.]
 [0.]
 [1.]
 [1.]
 [0.]
 [0.]
 [1.]
 [0.]
 [0.]
 [1.]
 [0.]
 [0.]
 [0.]
 [0.]
 [0.]
 [0.]
 [0.]
 [1.]
 [1.]
 [1.]
 [0.]
 [0.]
 [0.]
 [0.]
 [0.]
 [0.]
 [1.]
 [1.]
 [0.]
 [0.]
 [1.]
 [0.]
 [0.]
 [1.]
 [0.]
 [1.]
 [1.]
 [1.]
 [0.]
 [0.]
 [1.]
 [1.]
 [1.]
 [0.]
 [1.]
 [0.]
 [1.]
 [0.]
 [1.]
 [0.]
 [0.]
 [0.]
 [0.]
 [1.]
 [0.]]

Current Hidden Layer :9

Iteration 0: | Error:0.5714558861165728
Iteration 10000: | Error:0.3489583333333333
Iteration 20000: | Error:0.3489583333333333
Iteration 30000: | Error:0.3489583333333333
Iteration 40000: | Error:0.3489583333333333
Iteration 50000: | Error:0.3489583333333333
Iteration 60000: | Error:0.3489583333333333
Iteration 70000: | Error:0.3489583333333333
Iteration 80000: | Error:0.3489583333333333
Iteration 90000: | Error:0.3489583333333333

L2 Output after training:
[[6.66433000e-19]
 [9.15138826e-18]
 [3.41266219e-19]
 [7.76289508e-18]
 [5.79963976e-19]
 [2.23314573e-18]
 [1.12522517e-17]
 [4.70869927e-18]
 [1.12720140e-20]
 [3.02594253e-19]
 [2.72937691e-18]
 [5.60966835e-19]
 [1.84439512e-19]
 [8.02629012e-22]
 [8.45863691e-20]
 [4.71592711e-18]
 [1.27776953e-18]
 [2.84603588e-18]
 [5.28881108e-18]
 [1.99501077e-18]
 [1.10753783e-18]
 [9.60089140e-19]
 [1.94517578e-19]
 [5.80741190e-18]
 [3.47195989e-19]
 [8.73404781e-19]
 [4.98741786e-19]
 [3.02020458e-18]
 [1.73741319e-19]
 [1.28409594e-18]
 [7.30259618e-19]
 [3.86399527e-19]
 [7.62206184e-18]
 [4.55046045e-18]
 [1.59806759e-18]
 [1.28205493e-18]
 [1.08980637e-18]
 [2.82692578e-18]
 [1.49181858e-17]
 [3.64714930e-19]
 [6.78653588e-19]
 [9.54304258e-19]
 [1.33029538e-18]
 [8.26737419e-20]
 [3.98293988e-19]
 [9.89435811e-19]
 [9.83998364e-19]
 [2.26237475e-17]
 [7.51362579e-18]
 [6.09300321e-18]
 [3.23947952e-18]
 [4.64403110e-18]
 [6.64097136e-18]
 [4.25426528e-20]
 [1.36602103e-19]
 [1.88588954e-17]
 [8.53704147e-20]
 [4.98559381e-18]
 [3.61358353e-19]
 [5.70831029e-18]
 [1.38905343e-17]
 [8.83788971e-19]
 [9.71805273e-18]
 [1.47180611e-18]
 [1.12917883e-18]
 [6.09542362e-18]
 [2.62358685e-18]
 [5.33990802e-19]
 [5.14708388e-18]
 [1.27362403e-18]
 [2.90221472e-18]
 [1.46590683e-18]
 [1.03350648e-18]
 [7.10855918e-19]
 [1.99482041e-17]
 [2.34566686e-16]
 [4.43336037e-18]
 [1.14407983e-17]
 [3.24939421e-18]
 [6.06061552e-18]
 [6.51103633e-18]
 [1.88442972e-17]
 [3.69209780e-18]
 [1.08199045e-17]
 [1.02256066e-18]
 [2.38891334e-18]
 [5.49035782e-18]
 [5.17223144e-18]
 [8.96767065e-19]
 [6.56831315e-18]
 [1.10031150e-17]
 [6.00729604e-19]
 [5.73927548e-18]
 [1.80883172e-19]
 [1.68162545e-18]
 [2.62291687e-19]
 [1.39342028e-17]
 [1.25232056e-17]
 [1.03425256e-17]
 [1.47906652e-18]
 [4.71397703e-19]
 [1.48377513e-18]
 [2.69150992e-18]
 [9.36952173e-18]
 [5.68252636e-18]
 [1.93307968e-18]
 [3.70656158e-18]
 [5.33676806e-19]
 [1.59819595e-17]
 [7.62845562e-18]
 [7.81020436e-19]
 [2.38784847e-20]
 [1.25474044e-17]
 [1.00665281e-17]
 [2.80503171e-19]
 [1.49228413e-19]
 [1.10808439e-18]
 [9.74772871e-18]
 [1.15179371e-17]
 [6.37554564e-18]
 [1.71681919e-18]
 [1.13548209e-17]
 [4.47023398e-18]
 [1.16583190e-19]
 [3.60238246e-18]
 [1.34950915e-17]
 [1.71608159e-18]
 [4.45153651e-18]
 [7.10780486e-19]
 [3.17153461e-19]
 [2.02094308e-19]
 [1.44917440e-18]
 [3.31218666e-19]
 [6.68902648e-18]
 [4.01191235e-18]
 [1.07737410e-18]
 [7.19894235e-18]
 [6.34889902e-18]
 [1.40002615e-18]
 [8.28332156e-19]
 [2.79185240e-19]
 [3.75093931e-18]
 [6.27886507e-18]
 [1.42104573e-18]
 [4.51897988e-19]
 [7.73542174e-18]
 [1.47994186e-17]
 [1.74551912e-18]
 [1.12382769e-19]
 [1.20951263e-17]
 [1.66967799e-18]
 [1.29848775e-18]
 [2.74964416e-19]
 [1.70819029e-19]
 [2.25443517e-19]
 [2.15999643e-18]
 [4.48140402e-18]
 [2.36231692e-18]
 [8.69353574e-18]
 [4.36320194e-19]
 [1.57524002e-18]
 [1.76157072e-18]
 [9.90138521e-19]
 [1.09957272e-17]
 [1.08986985e-18]
 [7.15851099e-19]
 [3.12181288e-18]
 [1.35994224e-18]
 [2.74181806e-18]
 [1.88034960e-18]
 [2.23769656e-18]
 [1.11298121e-18]
 [1.89281686e-17]
 [1.95193733e-17]
 [6.51718964e-18]
 [3.99748850e-19]
 [2.17725100e-18]
 [2.67616587e-18]
 [4.22328417e-19]
 [9.08844588e-19]
 [4.27028014e-18]
 [2.36572169e-18]
 [1.51247059e-16]
 [9.53695315e-18]
 [5.82116515e-19]
 [3.35986662e-19]
 [9.18010752e-21]
 [1.80271233e-18]
 [2.88531937e-18]
 [1.40668528e-18]
 [4.84530849e-18]
 [1.70191521e-18]
 [5.26733517e-19]
 [1.18349340e-18]
 [4.13810241e-18]
 [6.19882969e-19]
 [5.58057345e-18]
 [3.86832373e-18]
 [4.58648503e-18]
 [2.53593945e-19]
 [4.94022259e-18]
 [1.43092143e-18]
 [3.21409531e-18]
 [4.27166291e-18]
 [3.94524734e-19]
 [5.85634435e-18]
 [2.68585667e-20]
 [2.11661440e-19]
 [7.50544418e-18]
 [5.36483760e-19]
 [1.43656773e-17]
 [4.81562574e-18]
 [2.04449170e-19]
 [1.36909343e-18]
 [1.29318123e-18]
 [3.04223191e-19]
 [4.37895037e-18]
 [1.42835854e-18]
 [5.65500331e-18]
 [1.26602585e-18]
 [6.97849070e-20]
 [8.76235476e-20]
 [1.87787474e-18]
 [1.03678300e-19]
 [3.63455707e-18]
 [1.29099153e-17]
 [4.17642800e-18]
 [2.48833856e-18]
 [7.88782676e-21]
 [4.92440620e-18]
 [1.98042160e-18]
 [1.34303934e-19]
 [1.19223972e-17]
 [2.08080163e-18]
 [1.66056618e-17]
 [7.76965395e-19]
 [7.06371435e-20]
 [1.21668227e-18]
 [9.62949221e-19]
 [2.88753251e-18]
 [1.50077821e-17]
 [8.84653882e-18]
 [2.04266299e-18]
 [6.87888411e-19]
 [7.24034383e-19]
 [1.84457911e-19]
 [1.06098447e-18]
 [3.94568438e-20]
 [2.48669771e-19]
 [5.97073063e-18]
 [1.44092523e-18]
 [1.78441432e-18]
 [5.81458748e-18]
 [1.54678423e-17]
 [3.12246127e-19]
 [9.65590299e-18]
 [6.51399685e-18]
 [5.76394708e-18]
 [5.41787972e-20]
 [1.66145117e-19]
 [1.64928571e-19]
 [1.76658329e-18]
 [1.19821668e-17]
 [2.04853782e-19]
 [1.36608068e-18]
 [1.34794877e-18]
 [2.20844989e-18]
 [5.40302843e-18]
 [6.43087190e-18]
 [1.55653449e-18]
 [4.64090799e-18]
 [7.80573047e-18]
 [8.73843358e-19]
 [3.03154603e-17]
 [8.22403640e-19]
 [1.04005092e-17]
 [6.14175047e-18]
 [3.49539336e-18]
 [3.40725843e-19]
 [7.10170870e-19]
 [1.11829673e-18]
 [9.38649528e-19]
 [5.16213305e-19]
 [2.68463500e-19]
 [5.60861083e-19]
 [2.59425270e-19]
 [6.87586478e-20]
 [1.16953799e-18]
 [5.33548575e-18]
 [4.15456070e-18]
 [1.46938153e-17]
 [4.39633777e-18]
 [9.28148234e-19]
 [2.01301208e-18]
 [6.57108546e-20]
 [9.78905230e-19]
 [2.63307993e-19]
 [1.07371390e-18]
 [8.00877712e-19]
 [3.33050031e-19]
 [6.50797729e-19]
 [1.31996012e-18]
 [9.69176233e-18]
 [3.22916728e-18]
 [5.37729758e-19]
 [2.66362435e-18]
 [1.94346175e-19]
 [1.13300627e-18]
 [7.69067427e-19]
 [7.72296448e-19]
 [5.89305620e-18]
 [4.01486764e-18]
 [7.29585279e-19]
 [2.29678178e-18]
 [2.13960334e-18]
 [2.87126891e-18]
 [2.56295931e-18]
 [4.42953765e-19]
 [2.86780757e-18]
 [5.64797667e-20]
 [3.79060100e-19]
 [7.29493350e-18]
 [1.80802143e-18]
 [8.04867204e-19]
 [1.01869015e-17]
 [6.11845220e-19]
 [1.31092891e-18]
 [3.75593834e-19]
 [5.72017133e-18]
 [2.78933502e-18]
 [8.54523893e-19]
 [7.76603819e-18]
 [2.64641163e-19]
 [1.29798329e-18]
 [6.84028791e-18]
 [4.89256910e-19]
 [1.02404829e-18]
 [8.73976274e-19]
 [5.55107514e-19]
 [2.83610786e-19]
 [1.55245861e-18]
 [2.17170822e-18]
 [2.56987376e-16]
 [1.61910839e-18]
 [6.58463983e-19]
 [6.97091025e-19]
 [1.73432883e-18]
 [5.66048354e-18]
 [4.21730720e-18]
 [7.99164986e-17]
 [4.94588879e-18]
 [1.30305812e-18]
 [6.26574428e-18]
 [6.00641938e-18]
 [8.32611967e-18]
 [2.26444852e-19]
 [1.52035388e-18]
 [2.18198214e-18]
 [3.11410681e-18]
 [1.59274668e-19]
 [1.08133979e-19]
 [9.33403357e-20]
 [9.03284094e-19]
 [1.04890581e-19]
 [2.72890654e-19]
 [4.17410559e-18]
 [1.94752624e-18]
 [8.66113838e-18]
 [8.35454721e-18]
 [4.40269442e-19]
 [9.84653323e-20]
 [2.02950512e-18]
 [9.97047032e-18]
 [6.37236060e-18]
 [1.99750264e-18]
 [9.80901727e-20]
 [4.25344188e-18]
 [1.23878156e-17]
 [8.25138345e-19]
 [3.50829376e-18]
 [4.06981039e-18]
 [7.97617260e-18]
 [1.33239859e-18]
 [4.62591801e-18]
 [1.94463476e-18]
 [2.93683830e-18]
 [3.03303180e-18]
 [3.16208386e-18]
 [6.04796888e-20]
 [3.23980434e-18]
 [7.63900867e-19]
 [8.96569711e-19]
 [2.13335405e-19]
 [9.10822836e-19]
 [6.49916242e-19]
 [4.53591316e-19]
 [1.85306066e-18]
 [6.75705605e-18]
 [7.07028744e-18]
 [9.78667289e-19]
 [3.92434221e-18]
 [2.40629051e-19]
 [1.53782611e-18]
 [8.52328579e-18]
 [3.07649422e-19]
 [1.84244609e-18]
 [7.29150309e-19]
 [4.19153348e-18]
 [1.49955669e-19]
 [5.89529446e-20]
 [8.61608647e-18]
 [1.96813345e-18]
 [3.63309157e-19]
 [2.11131562e-18]
 [1.62270788e-18]
 [1.11070497e-19]
 [7.81737010e-18]
 [1.49400879e-18]
 [5.27272601e-18]
 [1.67425377e-18]
 [2.16450467e-18]
 [5.98414440e-18]
 [1.03502268e-17]
 [6.99508115e-18]
 [4.01986218e-19]
 [1.92721541e-19]
 [7.36163445e-18]
 [1.72493678e-19]
 [1.94498126e-18]
 [8.28628417e-19]
 [9.59061254e-18]
 [1.94768599e-18]
 [7.64319128e-18]
 [1.23223050e-18]
 [2.66868978e-18]
 [1.93858075e-18]
 [1.77772830e-18]
 [1.13224435e-18]
 [9.16611488e-18]
 [2.49997816e-18]
 [3.66345241e-19]
 [1.11461154e-17]
 [2.95371861e-18]
 [1.98927319e-18]
 [2.91135336e-18]
 [1.20426143e-18]
 [2.63650524e-18]
 [7.37591905e-18]
 [7.75115423e-18]
 [2.41049054e-18]
 [5.65172462e-18]
 [1.99476628e-18]
 [3.06360851e-18]
 [1.26292822e-19]
 [5.15871214e-18]
 [8.88816951e-19]
 [1.50708104e-19]
 [9.39133498e-18]
 [2.17220798e-19]
 [9.87555041e-20]
 [6.51419259e-19]
 [9.06504814e-18]
 [7.16394302e-18]
 [5.98806524e-18]
 [1.39695122e-18]
 [1.96089708e-18]
 [1.28917960e-17]
 [5.79630464e-18]
 [1.81767669e-18]
 [1.20816729e-18]
 [2.88957595e-18]
 [5.37333957e-18]
 [6.91358858e-18]
 [3.89084179e-19]
 [3.85105327e-18]
 [3.85565331e-19]
 [2.27967540e-18]
 [1.50101852e-18]
 [1.59455445e-18]
 [3.98810547e-19]
 [1.40862010e-19]
 [4.40703896e-18]
 [7.54667651e-18]
 [7.06076064e-18]
 [1.35570863e-18]
 [1.07515590e-18]
 [2.55981525e-19]
 [4.76618981e-20]
 [5.88627283e-18]
 [3.79462253e-20]
 [9.72824257e-18]
 [3.86757648e-18]
 [7.84963825e-18]
 [3.80726908e-19]
 [1.53670128e-17]
 [6.61658555e-20]
 [2.59520018e-18]
 [6.07210638e-18]
 [6.92005580e-20]
 [2.81855881e-19]
 [3.43788214e-18]
 [1.38107961e-17]
 [7.39950791e-17]
 [1.98848619e-18]
 [5.10288857e-18]
 [4.36042954e-18]
 [3.53903048e-19]
 [1.34708894e-18]
 [9.07485747e-18]
 [2.09570102e-19]
 [4.40954802e-18]
 [7.55588268e-19]
 [6.47604389e-19]
 [7.09887172e-18]
 [4.97257459e-18]
 [5.91022071e-19]
 [2.19071908e-19]
 [4.91562380e-19]
 [4.00056004e-18]
 [3.26562294e-20]
 [1.55926433e-17]
 [2.14645813e-18]
 [4.02193562e-18]
 [5.98771408e-19]
 [2.88207440e-18]
 [1.35757434e-17]
 [5.59940590e-18]
 [2.32901012e-18]
 [1.98773265e-18]
 [1.94673039e-18]
 [2.15296757e-18]
 [3.91189567e-18]
 [1.04366389e-17]
 [6.53838529e-18]
 [1.07476639e-17]
 [3.72800163e-18]
 [8.79923812e-19]
 [7.29371539e-19]
 [1.34069849e-18]
 [1.42196442e-18]
 [9.48221543e-19]
 [9.44913623e-19]
 [1.76873811e-18]
 [9.13690892e-18]
 [5.45908640e-18]
 [1.81780182e-19]
 [5.67241422e-20]
 [9.84618180e-19]
 [3.73237362e-19]
 [5.61374930e-19]
 [7.78004095e-18]
 [6.82882365e-18]
 [2.20284829e-19]
 [9.78459492e-18]
 [4.61714745e-18]
 [6.37700152e-19]
 [1.00540483e-17]
 [4.09697051e-19]
 [5.31348018e-18]
 [4.19137672e-18]
 [3.82388544e-19]
 [1.28032295e-19]
 [9.67152015e-18]
 [3.31586392e-18]
 [4.42571585e-18]
 [4.58662981e-18]
 [1.14245412e-17]
 [1.45592880e-18]
 [4.80368381e-19]
 [1.07669390e-18]
 [3.23768730e-18]
 [2.51127330e-18]
 [6.94453326e-18]
 [4.41498979e-18]
 [3.68017920e-19]
 [6.91269804e-18]
 [1.19168264e-18]
 [3.63668538e-18]
 [1.10387542e-18]
 [6.03881557e-19]
 [4.30400327e-18]
 [6.98785113e-18]
 [4.17069578e-19]
 [1.76199590e-18]
 [1.64004568e-20]
 [8.97076395e-18]
 [6.34126367e-19]
 [3.47548495e-18]
 [1.01122080e-19]
 [1.66930232e-17]
 [2.84681732e-18]
 [4.96467741e-18]
 [5.62652082e-19]
 [4.07252318e-18]
 [8.94701997e-19]
 [2.41348534e-19]
 [2.74333114e-18]
 [1.45359679e-17]
 [3.15269740e-19]
 [2.39750520e-18]
 [5.49998582e-18]
 [7.41431182e-18]
 [4.20296107e-18]
 [1.99494469e-19]
 [3.11265577e-19]
 [6.97813853e-18]
 [2.63893373e-19]
 [7.31255079e-18]
 [4.87328539e-19]
 [1.53016437e-18]
 [2.56420537e-18]
 [1.59420152e-19]
 [1.38237004e-19]
 [6.59995022e-18]
 [2.99191957e-19]
 [3.44353878e-18]
 [2.28998423e-18]
 [1.62798441e-17]
 [9.98125481e-19]
 [5.08745256e-18]
 [2.62342132e-18]
 [4.50721872e-18]
 [1.76093974e-19]
 [6.49707406e-18]
 [5.40551649e-18]
 [9.87451285e-18]
 [2.97784226e-18]
 [2.40558295e-18]
 [6.35479470e-19]
 [1.37142178e-17]
 [1.64817954e-18]
 [6.44667662e-18]
 [3.98609864e-18]
 [1.15901845e-18]
 [4.78835993e-18]
 [2.08674819e-18]
 [8.89849624e-19]
 [5.43927339e-18]
 [3.64427668e-18]
 [3.37998654e-18]
 [2.29833673e-18]
 [2.57252939e-18]
 [2.86030764e-19]
 [6.25811338e-18]
 [2.40524560e-18]
 [1.19640875e-19]
 [2.72949236e-19]
 [6.29287255e-19]
 [7.34235630e-19]
 [8.52122232e-18]
 [6.65508564e-18]
 [2.15282064e-18]
 [3.52459904e-18]
 [2.32908020e-18]
 [3.95640420e-18]
 [6.63504682e-20]
 [7.45899658e-18]
 [7.43032347e-19]
 [5.92121637e-19]
 [6.53095263e-18]
 [1.77397400e-19]
 [9.45814072e-19]
 [2.85014708e-19]
 [8.26164546e-19]
 [3.45288608e-18]
 [4.33162961e-18]
 [1.42058733e-19]
 [2.94406671e-18]
 [9.58782924e-19]
 [4.15329073e-19]
 [1.27337257e-19]
 [7.66216596e-18]
 [3.51880828e-18]
 [1.42847687e-18]
 [3.51360172e-19]
 [3.12029894e-19]
 [2.03111918e-19]
 [6.02637530e-18]
 [3.21245270e-18]
 [1.12399428e-18]
 [3.10265744e-17]
 [2.11589917e-18]
 [8.87301723e-18]
 [2.02717125e-18]
 [8.72739692e-20]
 [9.51424341e-19]
 [2.52899154e-18]
 [5.16462441e-18]
 [8.77398223e-19]
 [4.12035269e-19]
 [1.79903518e-18]
 [5.45992638e-19]
 [3.04941860e-18]
 [1.10377305e-18]
 [6.34612193e-18]
 [4.88998256e-20]
 [3.80801646e-19]
 [9.95374158e-18]
 [8.34080428e-19]
 [2.67706448e-18]
 [1.16750100e-18]
 [1.06270108e-18]
 [3.18922583e-19]
 [1.06614919e-18]
 [2.67116736e-18]
 [1.84161116e-17]
 [3.03804634e-18]
 [5.20341086e-19]
 [3.03707725e-19]
 [4.49180495e-18]
 [1.18594431e-19]
 [1.44651471e-18]
 [2.81728248e-18]
 [5.33195412e-19]
 [2.79510105e-18]
 [5.08511515e-20]
 [3.60972615e-19]
 [1.02537831e-18]
 [3.79229108e-18]
 [1.68613303e-18]
 [6.03481877e-18]
 [2.69610542e-18]
 [3.73206033e-19]
 [1.09015033e-18]
 [8.43954990e-19]
 [4.09223981e-18]
 [1.69402763e-18]
 [3.20854506e-18]
 [7.89726717e-19]
 [8.51609888e-18]
 [1.16326964e-18]
 [3.88751009e-18]
 [8.25793763e-19]
 [3.03194873e-18]
 [5.34370678e-19]
 [1.10250380e-17]
 [2.23901163e-18]
 [6.74093014e-18]
 [3.25877676e-18]
 [1.38262894e-18]
 [6.69934981e-19]
 [3.92769563e-18]
 [3.22765312e-18]
 [4.78752710e-19]
 [5.56782883e-19]
 [1.44580358e-18]
 [3.13380191e-18]
 [7.48454595e-18]
 [1.26209478e-19]
 [1.84332839e-19]
 [1.75857269e-18]
 [3.41696228e-18]
 [7.13328950e-18]
 [8.66611471e-20]
 [7.81207373e-19]
 [1.08882299e-18]
 [2.09201514e-18]
 [4.05185767e-19]
 [3.80453053e-18]
 [5.00639283e-20]
 [1.24679205e-17]
 [6.75387532e-19]
 [4.23952103e-18]
 [4.48599861e-19]
 [4.47587156e-18]
 [1.60043199e-18]
 [5.05454096e-19]
 [1.35277682e-17]]

Y Output
[[1.]
 [0.]
 [1.]
 [0.]
 [1.]
 [0.]
 [1.]
 [0.]
 [1.]
 [1.]
 [0.]
 [1.]
 [0.]
 [1.]
 [1.]
 [1.]
 [1.]
 [1.]
 [0.]
 [1.]
 [0.]
 [0.]
 [1.]
 [1.]
 [1.]
 [1.]
 [1.]
 [0.]
 [0.]
 [0.]
 [0.]
 [1.]
 [0.]
 [0.]
 [0.]
 [0.]
 [0.]
 [1.]
 [1.]
 [1.]
 [0.]
 [0.]
 [0.]
 [1.]
 [0.]
 [1.]
 [0.]
 [0.]
 [1.]
 [0.]
 [0.]
 [0.]
 [0.]
 [1.]
 [0.]
 [0.]
 [1.]
 [0.]
 [0.]
 [0.]
 [0.]
 [1.]
 [0.]
 [0.]
 [1.]
 [0.]
 [1.]
 [0.]
 [0.]
 [0.]
 [1.]
 [0.]
 [1.]
 [0.]
 [0.]
 [0.]
 [0.]
 [0.]
 [1.]
 [0.]
 [0.]
 [0.]
 [0.]
 [0.]
 [1.]
 [0.]
 [0.]
 [0.]
 [1.]
 [0.]
 [0.]
 [0.]
 [0.]
 [1.]
 [0.]
 [0.]
 [0.]
 [0.]
 [0.]
 [1.]
 [1.]
 [0.]
 [0.]
 [0.]
 [0.]
 [0.]
 [0.]
 [0.]
 [0.]
 [1.]
 [1.]
 [1.]
 [0.]
 [0.]
 [1.]
 [1.]
 [1.]
 [0.]
 [0.]
 [0.]
 [1.]
 [0.]
 [0.]
 [0.]
 [1.]
 [1.]
 [0.]
 [0.]
 [1.]
 [1.]
 [1.]
 [1.]
 [1.]
 [0.]
 [0.]
 [0.]
 [0.]
 [0.]
 [0.]
 [0.]
 [0.]
 [0.]
 [0.]
 [1.]
 [0.]
 [0.]
 [0.]
 [0.]
 [0.]
 [0.]
 [0.]
 [0.]
 [1.]
 [0.]
 [1.]
 [1.]
 [0.]
 [0.]
 [0.]
 [1.]
 [0.]
 [0.]
 [0.]
 [0.]
 [1.]
 [1.]
 [0.]
 [0.]
 [0.]
 [0.]
 [1.]
 [1.]
 [0.]
 [0.]
 [0.]
 [1.]
 [0.]
 [1.]
 [0.]
 [1.]
 [0.]
 [0.]
 [0.]
 [0.]
 [0.]
 [1.]
 [1.]
 [1.]
 [1.]
 [1.]
 [0.]
 [0.]
 [1.]
 [1.]
 [0.]
 [1.]
 [0.]
 [1.]
 [1.]
 [1.]
 [0.]
 [0.]
 [0.]
 [0.]
 [0.]
 [0.]
 [1.]
 [1.]
 [0.]
 [1.]
 [0.]
 [0.]
 [0.]
 [1.]
 [1.]
 [1.]
 [1.]
 [0.]
 [1.]
 [1.]
 [1.]
 [1.]
 [0.]
 [0.]
 [0.]
 [0.]
 [0.]
 [1.]
 [0.]
 [0.]
 [1.]
 [1.]
 [0.]
 [0.]
 [0.]
 [1.]
 [1.]
 [1.]
 [1.]
 [0.]
 [0.]
 [0.]
 [1.]
 [1.]
 [0.]
 [1.]
 [0.]
 [0.]
 [0.]
 [0.]
 [0.]
 [0.]
 [0.]
 [0.]
 [1.]
 [1.]
 [0.]
 [0.]
 [0.]
 [1.]
 [0.]
 [1.]
 [0.]
 [0.]
 [1.]
 [0.]
 [1.]
 [0.]
 [0.]
 [1.]
 [1.]
 [0.]
 [0.]
 [0.]
 [0.]
 [0.]
 [1.]
 [0.]
 [0.]
 [0.]
 [1.]
 [0.]
 [0.]
 [1.]
 [1.]
 [0.]
 [0.]
 [1.]
 [0.]
 [0.]
 [0.]
 [1.]
 [1.]
 [1.]
 [0.]
 [0.]
 [1.]
 [0.]
 [1.]
 [0.]
 [1.]
 [1.]
 [0.]
 [1.]
 [0.]
 [0.]
 [1.]
 [0.]
 [1.]
 [1.]
 [0.]
 [0.]
 [1.]
 [0.]
 [1.]
 [0.]
 [0.]
 [1.]
 [0.]
 [1.]
 [0.]
 [1.]
 [1.]
 [1.]
 [0.]
 [0.]
 [1.]
 [0.]
 [1.]
 [0.]
 [0.]
 [0.]
 [1.]
 [0.]
 [0.]
 [0.]
 [0.]
 [1.]
 [1.]
 [1.]
 [0.]
 [0.]
 [0.]
 [0.]
 [0.]
 [0.]
 [0.]
 [0.]
 [0.]
 [1.]
 [0.]
 [0.]
 [0.]
 [0.]
 [0.]
 [1.]
 [1.]
 [1.]
 [0.]
 [1.]
 [1.]
 [0.]
 [0.]
 [1.]
 [0.]
 [0.]
 [1.]
 [0.]
 [0.]
 [1.]
 [1.]
 [0.]
 [0.]
 [0.]
 [0.]
 [1.]
 [0.]
 [0.]
 [1.]
 [0.]
 [0.]
 [0.]
 [0.]
 [0.]
 [0.]
 [0.]
 [1.]
 [1.]
 [1.]
 [0.]
 [0.]
 [1.]
 [0.]
 [0.]
 [1.]
 [0.]
 [0.]
 [1.]
 [0.]
 [1.]
 [1.]
 [0.]
 [1.]
 [0.]
 [1.]
 [0.]
 [1.]
 [0.]
 [1.]
 [1.]
 [0.]
 [0.]
 [0.]
 [0.]
 [1.]
 [1.]
 [0.]
 [1.]
 [0.]
 [1.]
 [0.]
 [0.]
 [0.]
 [0.]
 [1.]
 [1.]
 [0.]
 [1.]
 [0.]
 [1.]
 [0.]
 [0.]
 [0.]
 [0.]
 [0.]
 [1.]
 [0.]
 [0.]
 [0.]
 [0.]
 [1.]
 [0.]
 [0.]
 [1.]
 [1.]
 [1.]
 [0.]
 [0.]
 [1.]
 [0.]
 [0.]
 [1.]
 [0.]
 [0.]
 [0.]
 [1.]
 [0.]
 [0.]
 [1.]
 [0.]
 [0.]
 [0.]
 [0.]
 [0.]
 [0.]
 [0.]
 [0.]
 [0.]
 [1.]
 [0.]
 [0.]
 [0.]
 [0.]
 [0.]
 [0.]
 [0.]
 [1.]
 [0.]
 [0.]
 [0.]
 [1.]
 [0.]
 [0.]
 [0.]
 [1.]
 [1.]
 [0.]
 [0.]
 [0.]
 [0.]
 [0.]
 [0.]
 [0.]
 [1.]
 [0.]
 [0.]
 [0.]
 [0.]
 [1.]
 [0.]
 [0.]
 [0.]
 [1.]
 [0.]
 [0.]
 [0.]
 [1.]
 [0.]
 [0.]
 [0.]
 [1.]
 [0.]
 [0.]
 [0.]
 [0.]
 [1.]
 [1.]
 [0.]
 [0.]
 [0.]
 [0.]
 [0.]
 [0.]
 [1.]
 [0.]
 [0.]
 [0.]
 [0.]
 [0.]
 [0.]
 [0.]
 [0.]
 [0.]
 [0.]
 [0.]
 [1.]
 [0.]
 [0.]
 [0.]
 [1.]
 [1.]
 [1.]
 [1.]
 [0.]
 [0.]
 [1.]
 [1.]
 [0.]
 [0.]
 [0.]
 [0.]
 [0.]
 [0.]
 [0.]
 [0.]
 [0.]
 [0.]
 [0.]
 [0.]
 [0.]
 [1.]
 [1.]
 [0.]
 [0.]
 [0.]
 [0.]
 [0.]
 [0.]
 [0.]
 [1.]
 [0.]
 [0.]
 [0.]
 [0.]
 [0.]
 [0.]
 [0.]
 [1.]
 [0.]
 [1.]
 [1.]
 [0.]
 [0.]
 [0.]
 [1.]
 [0.]
 [1.]
 [0.]
 [1.]
 [0.]
 [1.]
 [0.]
 [1.]
 [0.]
 [0.]
 [1.]
 [0.]
 [0.]
 [1.]
 [0.]
 [0.]
 [0.]
 [0.]
 [1.]
 [1.]
 [0.]
 [1.]
 [0.]
 [0.]
 [0.]
 [0.]
 [1.]
 [1.]
 [0.]
 [1.]
 [0.]
 [0.]
 [0.]
 [1.]
 [1.]
 [0.]
 [0.]
 [0.]
 [0.]
 [0.]
 [0.]
 [0.]
 [0.]
 [0.]
 [0.]
 [1.]
 [0.]
 [0.]
 [0.]
 [0.]
 [1.]
 [0.]
 [0.]
 [1.]
 [0.]
 [0.]
 [0.]
 [1.]
 [0.]
 [0.]
 [0.]
 [1.]
 [1.]
 [1.]
 [0.]
 [0.]
 [0.]
 [0.]
 [0.]
 [0.]
 [1.]
 [0.]
 [0.]
 [0.]
 [1.]
 [0.]
 [1.]
 [1.]
 [1.]
 [1.]
 [0.]
 [1.]
 [1.]
 [0.]
 [0.]
 [0.]
 [0.]
 [0.]
 [0.]
 [0.]
 [1.]
 [1.]
 [0.]
 [1.]
 [0.]
 [0.]
 [1.]
 [0.]
 [1.]
 [0.]
 [0.]
 [0.]
 [0.]
 [0.]
 [1.]
 [0.]
 [1.]
 [0.]
 [1.]
 [0.]
 [1.]
 [1.]
 [0.]
 [0.]
 [0.]
 [0.]
 [1.]
 [1.]
 [0.]
 [0.]
 [0.]
 [1.]
 [0.]
 [1.]
 [1.]
 [0.]
 [0.]
 [1.]
 [0.]
 [0.]
 [1.]
 [1.]
 [0.]
 [0.]
 [1.]
 [0.]
 [0.]
 [1.]
 [0.]
 [0.]
 [0.]
 [0.]
 [0.]
 [0.]
 [0.]
 [1.]
 [1.]
 [1.]
 [0.]
 [0.]
 [0.]
 [0.]
 [0.]
 [0.]
 [1.]
 [1.]
 [0.]
 [0.]
 [1.]
 [0.]
 [0.]
 [1.]
 [0.]
 [1.]
 [1.]
 [1.]
 [0.]
 [0.]
 [1.]
 [1.]
 [1.]
 [0.]
 [1.]
 [0.]
 [1.]
 [0.]
 [1.]
 [0.]
 [0.]
 [0.]
 [0.]
 [1.]
 [0.]]

Current Hidden Layer :10

Iteration 0: | Error:0.5819063476685287
Iteration 10000: | Error:0.3489583333333333
Iteration 20000: | Error:0.3489583333333333
Iteration 30000: | Error:0.3489583333333333
Iteration 40000: | Error:0.3489583333333333
Iteration 50000: | Error:0.3489583333333333
Iteration 60000: | Error:0.3489583333333333
Iteration 70000: | Error:0.3489583333333333
Iteration 80000: | Error:0.3489583333333333
Iteration 90000: | Error:0.3489583333333333

L2 Output after training:
[[5.81496914e-18]
 [9.33991824e-17]
 [1.17841170e-17]
 [2.60343449e-16]
 [4.27776141e-17]
 [8.40900370e-17]
 [1.66854071e-16]
 [4.39101624e-17]
 [2.07489657e-18]
 [4.04781677e-18]
 [2.06885336e-16]
 [2.96686211e-17]
 [5.44169256e-18]
 [2.05874818e-18]
 [3.38752985e-18]
 [3.41055002e-17]
 [1.16924440e-16]
 [1.15605002e-16]
 [4.85178311e-17]
 [6.45158987e-17]
 [1.34668299e-16]
 [3.36895992e-17]
 [1.12319752e-17]
 [7.88901491e-17]
 [1.17884644e-17]
 [2.40667528e-17]
 [2.17669832e-17]
 [1.78648779e-16]
 [3.74544535e-18]
 [7.18283993e-17]
 [6.57652812e-18]
 [3.86176273e-17]
 [2.21178612e-16]
 [2.03268137e-16]
 [1.60853836e-17]
 [4.74339319e-17]
 [4.78424173e-17]
 [2.49561920e-17]
 [1.77983105e-16]
 [1.04505666e-17]
 [2.38133350e-17]
 [6.23632190e-17]
 [1.95320438e-17]
 [1.05258670e-17]
 [1.12620155e-17]
 [3.93755230e-17]
 [3.60546289e-17]
 [3.78930807e-16]
 [1.08957299e-16]
 [1.85637835e-17]
 [1.76953532e-16]
 [8.46110193e-17]
 [1.06395757e-16]
 [3.00637721e-18]
 [1.34494789e-17]
 [2.73730037e-16]
 [7.53258459e-18]
 [1.68799997e-16]
 [2.77843932e-17]
 [2.13503918e-16]
 [3.57347918e-17]
 [3.25729304e-17]
 [2.07792022e-16]
 [4.21656182e-17]
 [3.34466370e-17]
 [8.62588243e-17]
 [5.15605457e-17]
 [2.59048295e-17]
 [1.20732932e-16]
 [5.63367069e-17]
 [1.36288599e-16]
 [4.77200265e-17]
 [6.10080775e-17]
 [1.79637144e-16]
 [3.75161102e-16]
 [1.36679068e-15]
 [1.53494761e-16]
 [1.93807042e-16]
 [4.39638757e-17]
 [1.01417462e-16]
 [8.31871612e-17]
 [4.15511460e-17]
 [1.00830981e-16]
 [1.37216064e-16]
 [1.11295753e-16]
 [1.21611157e-16]
 [2.45145611e-17]
 [1.93494590e-16]
 [2.04666272e-17]
 [1.26581809e-16]
 [2.41993107e-16]
 [6.08285169e-17]
 [9.56942636e-17]
 [2.75033431e-18]
 [9.52143540e-17]
 [1.92267171e-17]
 [1.84876012e-16]
 [2.04322458e-16]
 [1.53211078e-16]
 [1.26926876e-16]
 [3.54127393e-17]
 [5.72603041e-17]
 [1.88143786e-16]
 [2.60417691e-16]
 [3.36274934e-16]
 [9.15830937e-17]
 [3.26250049e-16]
 [1.50349964e-17]
 [2.14552315e-16]
 [3.19156602e-16]
 [3.70918084e-17]
 [9.85678531e-18]
 [2.50002243e-16]
 [3.99840668e-16]
 [9.04495148e-18]
 [3.73518639e-18]
 [4.46492390e-17]
 [2.95911527e-16]
 [1.86226467e-16]
 [2.35257680e-16]
 [7.44111272e-17]
 [1.28181233e-16]
 [1.91214268e-16]
 [1.64422588e-18]
 [2.25632506e-16]
 [2.09419491e-16]
 [1.00746673e-16]
 [9.96478511e-17]
 [4.19822175e-17]
 [5.98961946e-18]
 [1.63620643e-17]
 [5.64153784e-17]
 [2.04900762e-17]
 [9.03182568e-17]
 [1.22598436e-16]
 [5.08942604e-17]
 [2.30043929e-16]
 [1.92682508e-16]
 [8.69910948e-17]
 [1.55493364e-16]
 [4.83379603e-18]
 [6.78037238e-17]
 [1.37819469e-16]
 [4.04217041e-17]
 [5.41707089e-17]
 [6.91071114e-17]
 [1.19581654e-16]
 [5.58673326e-17]
 [2.18902407e-18]
 [2.61401879e-16]
 [8.55418274e-17]
 [3.20441196e-17]
 [1.71139880e-17]
 [1.14498394e-16]
 [1.27525644e-17]
 [4.11191135e-17]
 [1.56593759e-16]
 [1.06040960e-16]
 [3.09111285e-16]
 [8.37283923e-18]
 [2.08120651e-17]
 [3.02941170e-17]
 [1.79818563e-16]
 [2.09219349e-16]
 [7.30851588e-17]
 [4.11674815e-17]
 [6.94866167e-17]
 [5.40780615e-17]
 [1.16740956e-16]
 [1.31509076e-16]
 [9.44319781e-17]
 [6.74403580e-17]
 [5.96970551e-17]
 [3.69447817e-16]
 [1.17565709e-16]
 [1.06951318e-17]
 [7.45469407e-17]
 [4.30632723e-16]
 [1.99193764e-17]
 [6.15489374e-17]
 [1.43697526e-16]
 [1.43294382e-16]
 [2.62730081e-15]
 [2.61576303e-16]
 [1.87969668e-17]
 [5.40237666e-18]
 [1.76492727e-18]
 [6.47182640e-17]
 [7.22563694e-17]
 [7.85911913e-17]
 [1.56561647e-16]
 [2.41035401e-17]
 [1.89682653e-17]
 [1.90780762e-17]
 [3.21264481e-17]
 [4.97118128e-17]
 [1.72025305e-16]
 [1.23856680e-16]
 [1.10880808e-16]
 [3.38961289e-17]
 [2.29298332e-16]
 [1.12189354e-16]
 [5.93311897e-17]
 [9.88171314e-17]
 [1.30281975e-17]
 [8.25176407e-17]
 [2.03625130e-18]
 [9.35774456e-18]
 [2.50270291e-16]
 [8.13169806e-18]
 [1.94456899e-16]
 [8.14131827e-17]
 [1.92531570e-18]
 [9.89786685e-17]
 [6.66555994e-17]
 [2.57067823e-17]
 [1.25948858e-16]
 [4.55334146e-17]
 [1.30792776e-16]
 [4.48776661e-17]
 [4.84049218e-17]
 [1.80451956e-18]
 [1.12926676e-17]
 [2.04219696e-18]
 [1.14503600e-16]
 [3.71953233e-16]
 [2.46456969e-16]
 [3.43454827e-17]
 [3.40689676e-17]
 [2.16785396e-16]
 [2.39518613e-16]
 [2.62525694e-17]
 [3.39056867e-16]
 [1.02564333e-16]
 [3.33797172e-16]
 [6.40916741e-17]
 [4.69134599e-18]
 [6.90081542e-17]
 [2.78989537e-17]
 [1.04396087e-16]
 [2.45552367e-16]
 [2.84658047e-16]
 [7.03691882e-17]
 [3.57685407e-17]
 [5.34234144e-17]
 [4.30006865e-18]
 [3.17638435e-17]
 [1.82422169e-16]
 [5.74369558e-17]
 [1.99213986e-16]
 [3.08527292e-17]
 [1.00871109e-16]
 [2.37020449e-16]
 [2.30485247e-16]
 [3.76873578e-17]
 [1.53243949e-16]
 [5.10172266e-17]
 [1.04828927e-16]
 [1.45814343e-17]
 [6.59542824e-18]
 [9.64596972e-18]
 [1.95377384e-17]
 [2.01268145e-16]
 [2.31918050e-18]
 [4.48011200e-17]
 [4.60238615e-17]
 [3.19287537e-17]
 [1.02108527e-16]
 [1.67345450e-16]
 [1.38139603e-17]
 [1.01654338e-16]
 [1.25458905e-16]
 [2.52934992e-17]
 [4.36101470e-16]
 [2.01318202e-17]
 [1.78527403e-16]
 [7.50766858e-17]
 [1.42398503e-16]
 [6.61953142e-18]
 [1.58415251e-16]
 [6.80851742e-17]
 [3.43406431e-17]
 [4.44372070e-17]
 [9.19299724e-18]
 [1.28203461e-17]
 [6.46174714e-18]
 [4.45550691e-17]
 [1.62273894e-16]
 [9.62683729e-17]
 [6.92391326e-17]
 [6.40522274e-16]
 [1.42224829e-16]
 [9.49430785e-17]
 [7.82252253e-17]
 [5.40373974e-19]
 [4.01960647e-17]
 [3.47026438e-17]
 [1.21955979e-16]
 [4.12782726e-17]
 [6.20455485e-18]
 [8.66227888e-18]
 [4.54235073e-17]
 [1.36875327e-16]
 [4.44670641e-16]
 [1.57288720e-17]
 [9.51974314e-17]
 [5.17845719e-18]
 [8.11425391e-17]
 [9.79547065e-17]
 [6.54657630e-17]
 [4.36411765e-17]
 [2.33843365e-16]
 [3.70497441e-17]
 [9.65357045e-17]
 [3.60877067e-17]
 [1.27049171e-16]
 [9.18261617e-17]
 [2.28373510e-17]
 [9.42348144e-17]
 [1.00243474e-18]
 [4.28893566e-17]
 [1.27532709e-16]
 [2.71118709e-17]
 [1.23506039e-17]
 [2.13961461e-16]
 [4.07408342e-17]
 [6.26057741e-17]
 [1.52443851e-17]
 [3.84110136e-16]
 [4.59095287e-17]
 [1.41345458e-17]
 [2.14435125e-16]
 [3.74688886e-18]
 [3.36920454e-17]
 [1.63893881e-16]
 [6.06291967e-17]
 [7.74186060e-18]
 [2.86594217e-17]
 [3.30847490e-17]
 [1.51802302e-17]
 [9.92452992e-17]
 [5.87269726e-17]
 [2.10038099e-15]
 [9.57207653e-17]
 [1.63440507e-17]
 [1.75189800e-17]
 [5.47761821e-17]
 [3.89709771e-17]
 [9.95881860e-17]
 [9.16334622e-16]
 [3.44753023e-16]
 [7.39965453e-17]
 [7.05334188e-17]
 [1.95630135e-16]
 [7.61257787e-16]
 [7.61248500e-18]
 [4.90277801e-17]
 [6.72973493e-18]
 [3.14204117e-17]
 [1.82333262e-17]
 [1.50864014e-17]
 [1.57745250e-18]
 [7.77760412e-18]
 [2.24469615e-18]
 [4.89309982e-17]
 [9.10510911e-17]
 [8.13906558e-17]
 [1.46492743e-16]
 [4.50698050e-16]
 [2.00446090e-17]
 [8.01284639e-17]
 [4.46474687e-17]
 [3.89301284e-16]
 [1.16374115e-16]
 [5.87107078e-17]
 [6.87622359e-18]
 [2.41199315e-16]
 [2.77309008e-16]
 [6.48760184e-17]
 [1.79595618e-16]
 [1.52010690e-16]
 [1.16886162e-16]
 [1.62267725e-16]
 [1.59733147e-16]
 [6.85275900e-17]
 [6.71738664e-17]
 [4.90086124e-17]
 [5.40173537e-17]
 [4.49922624e-18]
 [1.31950285e-16]
 [3.11379906e-17]
 [7.70792270e-17]
 [9.24196738e-17]
 [3.13620231e-17]
 [4.05019715e-17]
 [7.76591518e-17]
 [2.85657073e-17]
 [8.72433808e-17]
 [2.31190535e-16]
 [2.04863431e-17]
 [1.33962271e-16]
 [3.69711253e-18]
 [3.67104232e-17]
 [1.20034986e-16]
 [9.93537041e-18]
 [8.78160918e-17]
 [1.96620872e-17]
 [1.21263376e-16]
 [6.24107097e-18]
 [4.28723885e-17]
 [1.77664644e-16]
 [1.42834364e-16]
 [1.95201260e-16]
 [7.72920177e-17]
 [8.55289436e-17]
 [6.92432049e-17]
 [2.05130268e-16]
 [2.93365427e-17]
 [1.52064290e-16]
 [4.58415795e-17]
 [1.97259098e-16]
 [2.41028833e-16]
 [2.32033253e-16]
 [1.54244847e-16]
 [3.63545793e-17]
 [2.01057592e-17]
 [1.78105407e-17]
 [7.62486684e-18]
 [1.11124366e-16]
 [4.70076079e-17]
 [5.39748515e-17]
 [7.29777453e-17]
 [4.25300285e-16]
 [5.05692518e-17]
 [6.64818823e-17]
 [2.52989765e-17]
 [2.56739556e-17]
 [5.87353058e-17]
 [1.67827096e-16]
 [1.89036795e-16]
 [8.80923573e-18]
 [3.31018691e-16]
 [1.21380963e-16]
 [8.94157994e-17]
 [6.65048605e-17]
 [8.72545100e-17]
 [1.16961539e-16]
 [1.88153203e-16]
 [1.68135587e-16]
 [9.99327100e-17]
 [2.08907360e-16]
 [1.07787251e-16]
 [2.59617697e-16]
 [3.12350205e-19]
 [1.75333223e-16]
 [1.00996658e-17]
 [1.78104610e-18]
 [2.41835903e-16]
 [9.23852685e-18]
 [4.55725782e-19]
 [9.79943796e-18]
 [2.32995878e-16]
 [8.80188727e-17]
 [6.72568741e-17]
 [8.98020863e-17]
 [8.03628382e-17]
 [2.98407556e-16]
 [1.74758334e-16]
 [1.26565879e-17]
 [7.37419562e-17]
 [6.62386992e-17]
 [7.93038755e-17]
 [1.62231667e-16]
 [1.26805092e-17]
 [1.48606211e-16]
 [2.63321406e-18]
 [1.16538151e-16]
 [6.77018005e-17]
 [2.08372503e-17]
 [2.47240180e-18]
 [2.24005652e-17]
 [8.23732814e-17]
 [1.34200245e-16]
 [4.27174156e-16]
 [2.11270140e-17]
 [1.03207723e-16]
 [1.24589507e-16]
 [4.08884231e-18]
 [1.18348629e-16]
 [6.12101324e-19]
 [3.06236661e-16]
 [5.72316123e-17]
 [7.03660969e-17]
 [1.60613192e-17]
 [3.68874746e-17]
 [1.00098600e-18]
 [8.85679291e-17]
 [2.93082506e-16]
 [1.16618339e-18]
 [1.44210969e-17]
 [1.93942720e-16]
 [2.18188546e-16]
 [4.30228892e-16]
 [4.51212288e-17]
 [5.19259784e-17]
 [1.76644621e-16]
 [1.65995346e-17]
 [9.45078391e-17]
 [2.52986015e-16]
 [3.41004747e-18]
 [3.53531553e-17]
 [6.11711145e-17]
 [9.56917706e-18]
 [2.72680609e-16]
 [1.22282371e-16]
 [3.20069126e-17]
 [6.78726626e-18]
 [1.85502040e-17]
 [9.32719955e-17]
 [4.51933322e-18]
 [2.51991191e-16]
 [1.04230957e-16]
 [1.20755830e-17]
 [2.03198823e-17]
 [1.11523591e-16]
 [2.10418166e-16]
 [1.45036658e-16]
 [1.25396585e-16]
 [1.27185077e-16]
 [6.38005403e-17]
 [1.14796249e-16]
 [3.88010567e-16]
 [1.66349474e-16]
 [4.50847016e-17]
 [2.60467019e-16]
 [4.06363609e-17]
 [3.02430287e-17]
 [5.55059969e-18]
 [1.46853707e-16]
 [7.00317173e-17]
 [4.64615524e-17]
 [8.27240501e-17]
 [1.75078162e-17]
 [4.96855172e-16]
 [1.65205878e-16]
 [1.38777889e-17]
 [4.09287590e-18]
 [6.90065582e-17]
 [3.92028716e-18]
 [1.23350364e-17]
 [1.32203035e-16]
 [2.36367335e-16]
 [3.95315876e-18]
 [2.18255451e-16]
 [2.09485923e-16]
 [2.62048485e-17]
 [1.13931048e-16]
 [7.98755043e-18]
 [5.12697511e-17]
 [1.45931766e-16]
 [9.91318920e-18]
 [1.84395371e-17]
 [2.74424201e-16]
 [7.04529208e-17]
 [2.71858517e-16]
 [1.75322248e-16]
 [3.16864047e-16]
 [2.46379312e-17]
 [1.62989158e-17]
 [4.55645205e-17]
 [1.01064588e-16]
 [1.76091481e-16]
 [1.21953215e-16]
 [2.46061213e-16]
 [1.05242202e-16]
 [6.04897390e-17]
 [2.90134319e-17]
 [3.97527727e-16]
 [3.36389242e-17]
 [4.38142213e-19]
 [1.14282331e-16]
 [7.58760846e-17]
 [4.06394949e-18]
 [7.08936231e-17]
 [1.36974738e-17]
 [1.64190712e-16]
 [2.11115972e-17]
 [1.06642727e-16]
 [4.32361769e-18]
 [7.46608751e-17]
 [4.18670960e-17]
 [1.64737156e-16]
 [2.24765366e-17]
 [1.86703828e-16]
 [4.61119467e-17]
 [4.18931231e-17]
 [1.11075812e-16]
 [1.26673716e-16]
 [1.43793924e-17]
 [5.20057646e-17]
 [1.80797208e-16]
 [4.20431918e-17]
 [4.49056580e-17]
 [5.44132934e-18]
 [3.18922502e-18]
 [1.23930451e-16]
 [5.94893624e-17]
 [1.05606873e-16]
 [6.77298557e-17]
 [1.12226218e-16]
 [1.26865427e-16]
 [1.05548454e-17]
 [1.83302022e-17]
 [1.70654348e-16]
 [1.06394764e-17]
 [1.33073679e-16]
 [1.38785765e-16]
 [2.75193499e-16]
 [1.53521896e-17]
 [4.45575242e-17]
 [1.37769524e-16]
 [1.43176757e-16]
 [1.29938973e-17]
 [4.34698201e-16]
 [2.37909929e-16]
 [1.98066335e-16]
 [1.25330033e-16]
 [1.73952053e-16]
 [2.34610263e-17]
 [2.13290221e-16]
 [5.56531084e-17]
 [1.81583835e-16]
 [1.40129745e-16]
 [1.30480046e-16]
 [1.24661629e-16]
 [7.12667198e-17]
 [2.19507839e-17]
 [2.87427803e-16]
 [1.51142675e-16]
 [9.18121905e-17]
 [1.74708786e-16]
 [1.45137609e-16]
 [8.02838128e-18]
 [4.08905323e-17]
 [1.16242011e-16]
 [4.41080145e-17]
 [1.41560820e-17]
 [2.81853338e-17]
 [1.85970653e-17]
 [1.09509522e-16]
 [1.43432628e-16]
 [8.63794205e-17]
 [7.78242080e-17]
 [7.03646800e-17]
 [2.04404111e-16]
 [5.23395501e-17]
 [1.06125178e-16]
 [3.62715783e-17]
 [2.84227287e-17]
 [3.05768538e-16]
 [4.50367825e-18]
 [3.51571297e-17]
 [1.62266479e-17]
 [2.12743339e-17]
 [2.35262211e-17]
 [1.47499053e-16]
 [1.20815597e-18]
 [3.02954983e-17]
 [2.98014723e-17]
 [9.48672444e-18]
 [5.03072856e-18]
 [1.85649410e-16]
 [1.06621390e-16]
 [5.96332316e-16]
 [7.20211955e-18]
 [1.43072426e-17]
 [5.04199901e-18]
 [2.47074225e-16]
 [1.19839865e-16]
 [1.36936923e-16]
 [3.61567731e-16]
 [6.50379654e-17]
 [3.14971705e-16]
 [1.28515834e-16]
 [5.88578563e-19]
 [1.02645454e-16]
 [9.44907457e-17]
 [6.08300632e-17]
 [6.67938191e-17]
 [1.53234085e-17]
 [7.92365822e-17]
 [3.58776407e-17]
 [1.61440832e-16]
 [1.78970886e-17]
 [1.71624383e-16]
 [2.28211330e-17]
 [2.11892858e-17]
 [6.34582641e-17]
 [1.29739815e-16]
 [2.26253607e-16]
 [1.23862586e-16]
 [9.60570942e-18]
 [4.38001456e-18]
 [9.50773832e-18]
 [1.17871902e-16]
 [3.04887564e-16]
 [9.01212574e-18]
 [9.33924246e-17]
 [1.04998011e-17]
 [2.70410023e-16]
 [5.27807129e-17]
 [2.39290200e-17]
 [3.12490081e-17]
 [7.65514435e-17]
 [1.07541573e-16]
 [9.64847526e-18]
 [2.28681750e-17]
 [9.42404279e-18]
 [1.21679917e-16]
 [1.77358803e-17]
 [1.38142518e-16]
 [1.90995681e-16]
 [9.18367620e-18]
 [3.98467820e-17]
 [3.67384653e-17]
 [4.78816256e-17]
 [1.56141802e-16]
 [1.04237078e-16]
 [4.82228888e-17]
 [2.50649712e-16]
 [3.71683517e-17]
 [2.41717451e-16]
 [6.82064153e-17]
 [1.36575761e-16]
 [1.02350473e-17]
 [1.30450531e-16]
 [1.44267218e-16]
 [8.83425433e-17]
 [2.89598418e-16]
 [5.72563307e-17]
 [2.39431245e-17]
 [9.60670012e-17]
 [1.36878000e-16]
 [2.31767461e-17]
 [2.80301968e-17]
 [3.09332453e-17]
 [1.06480601e-16]
 [2.24903896e-16]
 [1.11306903e-17]
 [3.48728297e-18]
 [1.29595337e-16]
 [9.74624249e-17]
 [9.81337637e-17]
 [5.32942726e-17]
 [9.04150562e-18]
 [4.49145500e-17]
 [2.44840585e-17]
 [1.08439904e-17]
 [2.40324439e-16]
 [1.14615049e-18]
 [2.11365285e-16]
 [1.12358832e-17]
 [9.45333992e-17]
 [5.63278720e-18]
 [9.65947357e-17]
 [5.82015055e-17]
 [1.08746505e-17]
 [2.06037104e-16]]

Y Output
[[1.]
 [0.]
 [1.]
 [0.]
 [1.]
 [0.]
 [1.]
 [0.]
 [1.]
 [1.]
 [0.]
 [1.]
 [0.]
 [1.]
 [1.]
 [1.]
 [1.]
 [1.]
 [0.]
 [1.]
 [0.]
 [0.]
 [1.]
 [1.]
 [1.]
 [1.]
 [1.]
 [0.]
 [0.]
 [0.]
 [0.]
 [1.]
 [0.]
 [0.]
 [0.]
 [0.]
 [0.]
 [1.]
 [1.]
 [1.]
 [0.]
 [0.]
 [0.]
 [1.]
 [0.]
 [1.]
 [0.]
 [0.]
 [1.]
 [0.]
 [0.]
 [0.]
 [0.]
 [1.]
 [0.]
 [0.]
 [1.]
 [0.]
 [0.]
 [0.]
 [0.]
 [1.]
 [0.]
 [0.]
 [1.]
 [0.]
 [1.]
 [0.]
 [0.]
 [0.]
 [1.]
 [0.]
 [1.]
 [0.]
 [0.]
 [0.]
 [0.]
 [0.]
 [1.]
 [0.]
 [0.]
 [0.]
 [0.]
 [0.]
 [1.]
 [0.]
 [0.]
 [0.]
 [1.]
 [0.]
 [0.]
 [0.]
 [0.]
 [1.]
 [0.]
 [0.]
 [0.]
 [0.]
 [0.]
 [1.]
 [1.]
 [0.]
 [0.]
 [0.]
 [0.]
 [0.]
 [0.]
 [0.]
 [0.]
 [1.]
 [1.]
 [1.]
 [0.]
 [0.]
 [1.]
 [1.]
 [1.]
 [0.]
 [0.]
 [0.]
 [1.]
 [0.]
 [0.]
 [0.]
 [1.]
 [1.]
 [0.]
 [0.]
 [1.]
 [1.]
 [1.]
 [1.]
 [1.]
 [0.]
 [0.]
 [0.]
 [0.]
 [0.]
 [0.]
 [0.]
 [0.]
 [0.]
 [0.]
 [1.]
 [0.]
 [0.]
 [0.]
 [0.]
 [0.]
 [0.]
 [0.]
 [0.]
 [1.]
 [0.]
 [1.]
 [1.]
 [0.]
 [0.]
 [0.]
 [1.]
 [0.]
 [0.]
 [0.]
 [0.]
 [1.]
 [1.]
 [0.]
 [0.]
 [0.]
 [0.]
 [1.]
 [1.]
 [0.]
 [0.]
 [0.]
 [1.]
 [0.]
 [1.]
 [0.]
 [1.]
 [0.]
 [0.]
 [0.]
 [0.]
 [0.]
 [1.]
 [1.]
 [1.]
 [1.]
 [1.]
 [0.]
 [0.]
 [1.]
 [1.]
 [0.]
 [1.]
 [0.]
 [1.]
 [1.]
 [1.]
 [0.]
 [0.]
 [0.]
 [0.]
 [0.]
 [0.]
 [1.]
 [1.]
 [0.]
 [1.]
 [0.]
 [0.]
 [0.]
 [1.]
 [1.]
 [1.]
 [1.]
 [0.]
 [1.]
 [1.]
 [1.]
 [1.]
 [0.]
 [0.]
 [0.]
 [0.]
 [0.]
 [1.]
 [0.]
 [0.]
 [1.]
 [1.]
 [0.]
 [0.]
 [0.]
 [1.]
 [1.]
 [1.]
 [1.]
 [0.]
 [0.]
 [0.]
 [1.]
 [1.]
 [0.]
 [1.]
 [0.]
 [0.]
 [0.]
 [0.]
 [0.]
 [0.]
 [0.]
 [0.]
 [1.]
 [1.]
 [0.]
 [0.]
 [0.]
 [1.]
 [0.]
 [1.]
 [0.]
 [0.]
 [1.]
 [0.]
 [1.]
 [0.]
 [0.]
 [1.]
 [1.]
 [0.]
 [0.]
 [0.]
 [0.]
 [0.]
 [1.]
 [0.]
 [0.]
 [0.]
 [1.]
 [0.]
 [0.]
 [1.]
 [1.]
 [0.]
 [0.]
 [1.]
 [0.]
 [0.]
 [0.]
 [1.]
 [1.]
 [1.]
 [0.]
 [0.]
 [1.]
 [0.]
 [1.]
 [0.]
 [1.]
 [1.]
 [0.]
 [1.]
 [0.]
 [0.]
 [1.]
 [0.]
 [1.]
 [1.]
 [0.]
 [0.]
 [1.]
 [0.]
 [1.]
 [0.]
 [0.]
 [1.]
 [0.]
 [1.]
 [0.]
 [1.]
 [1.]
 [1.]
 [0.]
 [0.]
 [1.]
 [0.]
 [1.]
 [0.]
 [0.]
 [0.]
 [1.]
 [0.]
 [0.]
 [0.]
 [0.]
 [1.]
 [1.]
 [1.]
 [0.]
 [0.]
 [0.]
 [0.]
 [0.]
 [0.]
 [0.]
 [0.]
 [0.]
 [1.]
 [0.]
 [0.]
 [0.]
 [0.]
 [0.]
 [1.]
 [1.]
 [1.]
 [0.]
 [1.]
 [1.]
 [0.]
 [0.]
 [1.]
 [0.]
 [0.]
 [1.]
 [0.]
 [0.]
 [1.]
 [1.]
 [0.]
 [0.]
 [0.]
 [0.]
 [1.]
 [0.]
 [0.]
 [1.]
 [0.]
 [0.]
 [0.]
 [0.]
 [0.]
 [0.]
 [0.]
 [1.]
 [1.]
 [1.]
 [0.]
 [0.]
 [1.]
 [0.]
 [0.]
 [1.]
 [0.]
 [0.]
 [1.]
 [0.]
 [1.]
 [1.]
 [0.]
 [1.]
 [0.]
 [1.]
 [0.]
 [1.]
 [0.]
 [1.]
 [1.]
 [0.]
 [0.]
 [0.]
 [0.]
 [1.]
 [1.]
 [0.]
 [1.]
 [0.]
 [1.]
 [0.]
 [0.]
 [0.]
 [0.]
 [1.]
 [1.]
 [0.]
 [1.]
 [0.]
 [1.]
 [0.]
 [0.]
 [0.]
 [0.]
 [0.]
 [1.]
 [0.]
 [0.]
 [0.]
 [0.]
 [1.]
 [0.]
 [0.]
 [1.]
 [1.]
 [1.]
 [0.]
 [0.]
 [1.]
 [0.]
 [0.]
 [1.]
 [0.]
 [0.]
 [0.]
 [1.]
 [0.]
 [0.]
 [1.]
 [0.]
 [0.]
 [0.]
 [0.]
 [0.]
 [0.]
 [0.]
 [0.]
 [0.]
 [1.]
 [0.]
 [0.]
 [0.]
 [0.]
 [0.]
 [0.]
 [0.]
 [1.]
 [0.]
 [0.]
 [0.]
 [1.]
 [0.]
 [0.]
 [0.]
 [1.]
 [1.]
 [0.]
 [0.]
 [0.]
 [0.]
 [0.]
 [0.]
 [0.]
 [1.]
 [0.]
 [0.]
 [0.]
 [0.]
 [1.]
 [0.]
 [0.]
 [0.]
 [1.]
 [0.]
 [0.]
 [0.]
 [1.]
 [0.]
 [0.]
 [0.]
 [1.]
 [0.]
 [0.]
 [0.]
 [0.]
 [1.]
 [1.]
 [0.]
 [0.]
 [0.]
 [0.]
 [0.]
 [0.]
 [1.]
 [0.]
 [0.]
 [0.]
 [0.]
 [0.]
 [0.]
 [0.]
 [0.]
 [0.]
 [0.]
 [0.]
 [1.]
 [0.]
 [0.]
 [0.]
 [1.]
 [1.]
 [1.]
 [1.]
 [0.]
 [0.]
 [1.]
 [1.]
 [0.]
 [0.]
 [0.]
 [0.]
 [0.]
 [0.]
 [0.]
 [0.]
 [0.]
 [0.]
 [0.]
 [0.]
 [0.]
 [1.]
 [1.]
 [0.]
 [0.]
 [0.]
 [0.]
 [0.]
 [0.]
 [0.]
 [1.]
 [0.]
 [0.]
 [0.]
 [0.]
 [0.]
 [0.]
 [0.]
 [1.]
 [0.]
 [1.]
 [1.]
 [0.]
 [0.]
 [0.]
 [1.]
 [0.]
 [1.]
 [0.]
 [1.]
 [0.]
 [1.]
 [0.]
 [1.]
 [0.]
 [0.]
 [1.]
 [0.]
 [0.]
 [1.]
 [0.]
 [0.]
 [0.]
 [0.]
 [1.]
 [1.]
 [0.]
 [1.]
 [0.]
 [0.]
 [0.]
 [0.]
 [1.]
 [1.]
 [0.]
 [1.]
 [0.]
 [0.]
 [0.]
 [1.]
 [1.]
 [0.]
 [0.]
 [0.]
 [0.]
 [0.]
 [0.]
 [0.]
 [0.]
 [0.]
 [0.]
 [1.]
 [0.]
 [0.]
 [0.]
 [0.]
 [1.]
 [0.]
 [0.]
 [1.]
 [0.]
 [0.]
 [0.]
 [1.]
 [0.]
 [0.]
 [0.]
 [1.]
 [1.]
 [1.]
 [0.]
 [0.]
 [0.]
 [0.]
 [0.]
 [0.]
 [1.]
 [0.]
 [0.]
 [0.]
 [1.]
 [0.]
 [1.]
 [1.]
 [1.]
 [1.]
 [0.]
 [1.]
 [1.]
 [0.]
 [0.]
 [0.]
 [0.]
 [0.]
 [0.]
 [0.]
 [1.]
 [1.]
 [0.]
 [1.]
 [0.]
 [0.]
 [1.]
 [0.]
 [1.]
 [0.]
 [0.]
 [0.]
 [0.]
 [0.]
 [1.]
 [0.]
 [1.]
 [0.]
 [1.]
 [0.]
 [1.]
 [1.]
 [0.]
 [0.]
 [0.]
 [0.]
 [1.]
 [1.]
 [0.]
 [0.]
 [0.]
 [1.]
 [0.]
 [1.]
 [1.]
 [0.]
 [0.]
 [1.]
 [0.]
 [0.]
 [1.]
 [1.]
 [0.]
 [0.]
 [1.]
 [0.]
 [0.]
 [1.]
 [0.]
 [0.]
 [0.]
 [0.]
 [0.]
 [0.]
 [0.]
 [1.]
 [1.]
 [1.]
 [0.]
 [0.]
 [0.]
 [0.]
 [0.]
 [0.]
 [1.]
 [1.]
 [0.]
 [0.]
 [1.]
 [0.]
 [0.]
 [1.]
 [0.]
 [1.]
 [1.]
 [1.]
 [0.]
 [0.]
 [1.]
 [1.]
 [1.]
 [0.]
 [1.]
 [0.]
 [1.]
 [0.]
 [1.]
 [0.]
 [0.]
 [0.]
 [0.]
 [1.]
 [0.]]
